uniprot_accession,standard_inchi_key,predictions,labels
Q6YMS5,PSXOKXJMVRSARX-SCSAIBSYSA-N,5.802111625671387,0.0
Q6YMS5,USZYSDMBJDPRIF-SVEJIMAYSA-N,4.913386344909668,0.0
Q6YMS5,LLCRBOWRJOUJAE-UHFFFAOYSA-N,6.12259578704834,0.0
Q6YMS5,IPWKIXLWTCNBKN-ZCFIWIBFSA-N,4.702475547790527,0.0
Q6YMS5,CQVAQQNDZCZBSU-UHFFFAOYSA-N,6.189291000366211,0.0
Q6YMS5,RUJBDQSFYCKFAA-HNNXBMFYSA-N,6.549873352050781,0.0
Q6YMS5,MGSNWNLPMHXGDD-DFWOJPNQSA-N,4.8334150314331055,0.0
Q6YMS5,IPQVTOJGNYVQEO-UHFFFAOYSA-N,5.639189720153809,0.0
Q6YMS5,OJICYBSWSZGRFB-UHFFFAOYSA-N,6.193351745605469,0.0
Q6YMS5,YVUQSNJEYSNKRX-UHFFFAOYSA-N,6.801070213317871,0.0
Q6YMS5,ZHKNLJLMDFQVHJ-RUZDIDTESA-N,5.294544696807861,0.0
Q6YMS5,GNRIZKKCNOBBMO-UHFFFAOYSA-N,5.968486785888672,0.0
Q6YMS5,CXQHYVUVSFXTMY-UHFFFAOYSA-N,5.437182426452637,0.0
Q6YMS5,QPGHEZZVRGUCDN-UHFFFAOYSA-N,5.0973968505859375,0.0
Q6YMS5,MHDPPLULTMGBSI-UUOKFMHZSA-N,4.71356201171875,0.0
Q6YMS5,ZFSXZJXLKAJIGS-UHFFFAOYSA-N,6.091961860656738,0.0
Q6YMS5,NOWRLNPOENZFHP-ARHDFHRDSA-N,5.428957462310791,0.0
Q6YMS5,VHEJZMZHDUPRNV-UZYVYHOESA-N,5.885004043579102,0.0
Q6YMS5,MNHDKMDLOJSCGN-UHFFFAOYSA-N,5.814455032348633,0.0
Q6YMS5,AVDSOVJPJZVBTC-UHFFFAOYSA-N,4.934497833251953,0.0
Q6YMS5,BPLVDYJDAVYLRQ-UHFFFAOYSA-N,4.778183937072754,0.0
Q6YMS5,IJMBOKOTALXLKS-UHFFFAOYSA-N,5.594149589538574,0.0
Q6YMS5,OOUGLTULBSNHNF-UHFFFAOYSA-N,5.239475250244141,0.0
Q6YMS5,RGTPDNXJDCPXAB-UHFFFAOYSA-N,6.567843437194824,0.0
Q6YMS5,HSJFYRYGGKLQBT-UHFFFAOYSA-N,4.621312618255615,0.0
Q6YMS5,GQYIWUVLTXOXAJ-UHFFFAOYSA-N,5.068981647491455,0.0
Q6YMS5,BIIVYFLTOXDAOV-YVEFUNNKSA-N,5.715671539306641,0.0
Q6YMS5,QVFVAKQHELFATN-UHFFFAOYSA-N,5.074528694152832,0.0
Q6YMS5,ZFUDULLGKXSPPH-UHFFFAOYSA-N,5.873050689697266,0.0
Q6YMS5,WSTUJEXAPHIEIM-UHFFFAOYSA-N,4.706350803375244,0.0
Q6YMS5,CDKNUFNIFGPFSF-AYVLZSQQSA-N,5.159841060638428,0.0
Q6YMS5,UEQUQVLFIPOEMF-UHFFFAOYSA-N,7.185773849487305,0.0
Q6YMS5,MRFOPLWJZULAQD-SWGQDTFXSA-N,5.869207382202148,0.0
Q6YMS5,QRGHOAATPOLDPF-BYICEURKSA-N,7.404819488525391,0.0
Q6YMS5,WZRCQWQRFZITDX-UHFFFAOYSA-N,5.8413214683532715,0.0
Q6YMS5,KMUNHOKTIVSFRA-KXFIGUGUSA-N,8.139806747436523,0.0
Q6YMS5,RCLQNICOARASSR-SECBINFHSA-N,5.012792587280273,0.0
Q6YMS5,RJMUSRYZPJIFPJ-UHFFFAOYSA-N,4.734519958496094,0.0
Q6YMS5,LAGYWHSFHIMTPE-UHFFFAOYSA-N,7.248690605163574,0.0
Q6YMS5,TTZHDVOVKQGIBA-IQWMDFIBSA-N,5.979135513305664,0.0
Q6YMS5,DSLPMJSGSBLWRE-UHFFFAOYSA-N,5.186136245727539,0.0
Q6YMS5,UHIXWHUVLCAJQL-MPBGBICISA-N,5.166501045227051,0.0
Q6YMS5,CEFJVGZHQAGLHS-UHFFFAOYSA-N,6.19732666015625,0.0
Q6YMS5,DTOSIQBPPRVQHS-PDBXOOCHSA-N,4.628161430358887,0.0
Q6YMS5,RZERRLOTRSJIAW-NEPGVILWSA-N,5.748558044433594,0.0
Q6YMS5,QMVPQBFHUJZJCS-NTKFZFFISA-N,5.3133978843688965,0.0
Q6YMS5,QDITZBLZQQZVEE-YBEGLDIGSA-N,5.732434272766113,0.0
Q6YMS5,DOUYETYNHWVLEO-UHFFFAOYSA-N,5.248281478881836,0.0
Q6YMS5,UIARLYUEJFELEN-LROUJFHJSA-N,5.60593318939209,0.0
Q6YMS5,GPTXWRGISTZRIO-UHFFFAOYSA-N,5.014084815979004,0.0
Q6YMS5,ADGGYDAFIHSYFI-UHFFFAOYSA-N,6.550416946411133,0.0
Q6YMS5,WCKZRLOUKYFJDY-UHFFFAOYSA-N,5.4196457862854,0.0
Q6YMS5,FWFGIHPGRQZWIW-SQNIBIBYSA-N,4.824819087982178,0.0
Q6YMS5,JSKFWUPVIZYJMR-UDOAKELVSA-N,5.454897880554199,0.0
Q6YMS5,IFGWYHGYNVGVRB-UHFFFAOYSA-N,5.377956867218018,0.0
Q6YMS5,SQSZANZGUXWJEA-UHFFFAOYSA-N,7.2051849365234375,0.0
Q6YMS5,BXRLWGXPSRYJDZ-UHFFFAOYSA-N,4.788579940795898,0.0
Q6YMS5,QXOPTIPQEVJERB-JQWIXIFHSA-N,6.443539619445801,0.0
Q6YMS5,RUJBDQSFYCKFAA-UHFFFAOYSA-N,6.549873352050781,0.0
Q6YMS5,OVPNQJVDAFNBDN-UHFFFAOYSA-N,5.079055309295654,0.0
Q6YMS5,UEFWDVMEDFCHGW-UHFFFAOYSA-N,5.523004531860352,0.0
Q6YMS5,LFVVNPBBFUSSHL-UHFFFAOYSA-N,6.082989692687988,0.0
Q6YMS5,CGBJSGAELGCMKE-UHFFFAOYSA-N,5.5096330642700195,0.0
Q6YMS5,BBIPVJCGIASXJB-PKTZIBPZSA-N,5.526162147521973,0.0
Q6YMS5,VJJPUSNTGOMMGY-MRVIYFEKSA-N,5.273018836975098,0.0
Q6YMS5,WCWUXEGQKLTGDX-LLVKDONJSA-N,6.149448394775391,0.0
Q6YMS5,FIVSJYGQAIEMOC-ZGNKEGEESA-N,5.457485198974609,0.0
Q6YMS5,PCZOHLXUXFIOCF-BXMDZJJMSA-N,4.885969161987305,0.0
Q6YMS5,XFKVLKLCLYJKNF-MZNJEOGPSA-N,5.324666976928711,0.0
Q6YMS5,LCVIRAZGMYMNNT-UHFFFAOYSA-N,5.9788665771484375,0.0
Q6YMS5,UEBBYLJZCHTLEG-UTKZUKDTSA-N,5.090822696685791,0.0
Q6YMS5,VYQNWZOUAUKGHI-UHFFFAOYSA-N,5.293894290924072,0.0
Q6YMS5,JFJZZMVDLULRGK-URLMMPGGSA-O,5.627022743225098,0.0
Q6YMS5,MXJWRABVEGLYDG-UHFFFAOYSA-N,6.224667549133301,0.0
Q6YMS5,CSBQPRGTYHAYKS-AATRIKPKSA-N,4.586443901062012,0.0
Q6YMS5,HYFHYPWGAURHIV-JFIAXGOJSA-N,5.136131286621094,0.0
Q6YMS5,DKMXWAOCNKDQMT-UHFFFAOYSA-N,7.402948379516602,0.0
Q6YMS5,DKGZKTPJOSAWFA-UHFFFAOYSA-N,4.978453636169434,0.0
Q6YMS5,HRHKSTOGXBBQCB-VFWICMBZSA-N,5.076630592346191,0.0
Q6YMS5,WRNKIDLXXXIELU-IEBWSBKVSA-N,5.169304847717285,0.0
Q6YMS5,QEVHRUUCFGRFIF-MDEJGZGSSA-N,7.342278480529785,0.0
Q6YMS5,LJIZUXQINHXGAO-ITWZMISCSA-N,5.241397857666016,0.0
Q6YMS5,JWNPDZNEKVCWMY-VQHVLOKHSA-N,5.6405110359191895,0.0
Q6YMS5,QCSDJDQOJBQTDV-UHFFFAOYSA-N,5.027883529663086,0.0
Q6YMS5,RDONXGFGWSSFMY-UHFFFAOYSA-N,5.105215549468994,0.0
Q6YMS5,MGGBYMDAPCCKCT-UHFFFAOYSA-N,6.680261611938477,0.0
Q6YMS5,SLZBEPLWGGRZAY-UHFFFAOYSA-N,5.050212860107422,0.0
Q6YMS5,TUOZJWZCVIRDKO-UHFFFAOYSA-N,6.190680503845215,0.0
Q6YMS5,VHEOUJNDDFHPGJ-UHFFFAOYSA-N,5.246732711791992,0.0
Q6YMS5,NFTMKHWBOINJGM-UHFFFAOYSA-N,6.083456993103027,0.0
Q6YMS5,KMSKQZKKOZQFFG-HSUXVGOQSA-N,5.554958343505859,0.0
Q6YMS5,RXZBMPWDPOLZGW-XMRMVWPWSA-N,5.762237548828125,0.0
Q6YMS5,ZGFJFBOLVLFLLN-ZNLRHDTNSA-N,5.111595630645752,0.0
Q6YMS5,WGEWUYACXPEFPO-UHFFFAOYSA-N,5.216236591339111,0.0
Q6YMS5,PUFQVTATUTYEAL-UHFFFAOYSA-N,5.419617176055908,0.0
Q6YMS5,FIKYECRHLXONOX-UHFFFAOYSA-N,6.115752220153809,0.0
Q6YMS5,JMOVFFLYGIQXMM-UHFFFAOYSA-N,5.6645917892456055,0.0
Q6YMS5,AETHRPHBGJAIBT-UHFFFAOYSA-N,5.040411472320557,0.0
Q6YMS5,QAWIHIJWNYOLBE-OKKQSCSOSA-N,5.465947151184082,0.0
Q6YMS5,UZVHFVZFNXBMQJ-UHFFFAOYSA-N,5.009642601013184,0.0
Q6YMS5,WYWHKKSPHMUBEB-UHFFFAOYSA-N,4.997270107269287,0.0
Q6YMS5,LDVDKTLZRGWFID-GLDDHUGJSA-N,4.585923194885254,0.0
Q6YMS5,DXVUYOAEDJXBPY-NFFDBFGFSA-N,6.027979850769043,0.0
Q6YMS5,GJUFPAZNBPFNRI-UHFFFAOYSA-N,5.900406837463379,0.0
Q6YMS5,LLEJIEBFSOEYIV-UHFFFAOYSA-N,5.353237628936768,0.0
Q6YMS5,GQBRZBHEPUQRPL-IBGZPJMESA-N,6.682433128356934,0.0
Q6YMS5,YQNQNVDNTFHQSW-UHFFFAOYSA-N,5.480327606201172,0.0
Q6YMS5,PDOQBOJDRPLBQU-QMMMGPOBSA-N,6.496990203857422,0.0
Q6YMS5,GBOGMAARMMDZGR-TYHYBEHESA-N,5.989607810974121,0.0
Q6YMS5,FABPRXSRWADJSP-MEDUHNTESA-N,4.788702011108398,0.0
Q6YMS5,YFXGICNMLCGLHJ-RSKRLRQZSA-N,5.630054473876953,0.0
Q6YMS5,FWYMMXUDTATKLG-PGLMLKKXSA-N,5.523785591125488,0.0
Q6YMS5,TXGZJQLMVSIZEI-UQMAOPSPSA-N,5.65435266494751,0.0
Q6YMS5,FFRFGVHNKJYNOV-ZCIMLLHDSA-N,6.572111129760742,0.0
Q6YMS5,WPMJNLCLKAKMLA-UHFFFAOYSA-N,4.822296142578125,0.0
Q6YMS5,HXQRGYNEDCHJPJ-UHFFFAOYSA-N,4.867309093475342,0.0
Q6YMS5,MBUVEWMHONZEQD-UHFFFAOYSA-N,5.710137367248535,0.0
Q6YMS5,NDAZATDQFDPQBD-UHFFFAOYSA-N,5.118910789489746,0.0
Q6YMS5,YBBLVLTVTVSKRW-UHFFFAOYSA-N,5.378528594970703,0.0
Q6YMS5,RRGUKTPIGVIEKM-UHFFFAOYSA-N,6.462347030639648,0.0
Q6YMS5,AIUHRQHVWSUTGJ-UHFFFAOYSA-N,5.66026496887207,0.0
Q6YMS5,CGIGDMFJXJATDK-UHFFFAOYSA-N,5.050342559814453,0.0
Q6YMS5,JYJTVFIEFKZWCJ-UHFFFAOYSA-N,5.159664154052734,0.0
Q6YMS5,PJFQWSNOXLEDDZ-OOJLDXBWSA-N,6.42159366607666,0.0
Q6YMS5,YULUCECVQOCQFQ-UHFFFAOYSA-N,4.872916221618652,0.0
Q6YMS5,MQIMZDXIAHJKQP-UHFFFAOYSA-N,5.756418228149414,0.0
Q6YMS5,NCNRHFGMJRPRSK-MDZDMXLPSA-N,5.018062591552734,0.0
Q6YMS5,QDWKGEFGLQMDAM-ULJHMMPZSA-N,6.219995498657227,0.0
Q6YMS5,XMAYWYJOQHXEEK-OZXSUGGESA-N,4.973385334014893,0.0
Q6YMS5,QQOBRRFOVWGIMD-OJAKKHQRSA-N,5.142148971557617,0.0
Q6YMS5,FJZZPCZKBUKGGU-AUSIDOKSSA-N,5.262097358703613,0.0
Q6YMS5,VWFCHDSQECPREK-LURJTMIESA-N,6.185909271240234,0.0
Q6YMS5,GJXWDTUCERCKIX-UHFFFAOYSA-N,4.940290451049805,0.0
Q6YMS5,GQNZGCARKRHPOH-RQIKCTSVSA-N,7.501496315002441,0.0
Q6YMS5,NJSMWLQOCQIOPE-OCHFTUDZSA-N,5.046302795410156,0.0
Q6YMS5,XZEUAXYWNKYKPL-URLMMPGGSA-N,4.85997200012207,0.0
Q6YMS5,RVWNMGKSNGWLOL-GIIHNPQRSA-N,5.997384071350098,0.0
Q6YMS5,CYCXZGUVPDRYLG-FQEVSTJZSA-N,6.841115951538086,0.0
Q6YMS5,OGJPXUAPXNRGGI-UHFFFAOYSA-N,4.676067352294922,0.0
Q6YMS5,HHCBMISMPSAZBF-UHFFFAOYSA-N,6.67635440826416,0.0
Q6YMS5,LVXJQMNHJWSHET-AATRIKPKSA-N,5.279359340667725,0.0
Q6YMS5,JDUBGYFRJFOXQC-KRWDZBQOSA-N,5.901238441467285,0.0
Q6YMS5,MUOKSQABCJCOPU-UHFFFAOYSA-N,5.8574676513671875,0.0
Q6YMS5,BHYRGODCLWGHQG-LCBDOTBSSA-N,5.755318641662598,0.0
Q6YMS5,CNTMOLDWXSVYKD-PSRNMDMQSA-N,6.268266677856445,0.0
Q6YMS5,YNWCUCSDUMVJKR-UHFFFAOYSA-N,5.709415435791016,0.0
Q6YMS5,BIAVGWDGIJKWRM-FQEVSTJZSA-N,5.537954807281494,0.0
Q6YMS5,KJNNWYBAOPXVJY-UHFFFAOYSA-N,4.888442039489746,0.0
Q6YMS5,ZLHFILGSQDJULK-UHFFFAOYSA-N,6.492514610290527,0.0
Q6YMS5,BYRVKDUQDLJUBX-JJCDCTGGSA-N,5.032042980194092,0.0
Q6YMS5,CMLUGNQVANVZHY-POURPWNDSA-N,5.831345081329346,0.0
Q6YMS5,OGIAVRWXUPYGGC-UHFFFAOYSA-N,6.427720069885254,0.0
Q6YMS5,WMBWREPUVVBILR-WIYYLYMNSA-N,5.71915340423584,0.0
Q6YMS5,DSLCRNMTGWECHB-AMHTUMDSSA-N,6.517078399658203,0.0
Q6YMS5,DHZBEENLJMYSHQ-XCVPVQRUSA-N,5.269701957702637,0.0
Q6YMS5,BAYYCLWCHFVRLV-UHFFFAOYSA-N,6.553509712219238,0.0
Q6YMS5,FWYSMLBETOMXAG-QHCPKHFHSA-N,6.589221000671387,0.0
Q6YMS5,MAUYWACILHVRLR-UHFFFAOYSA-N,4.819451332092285,0.0
Q6YMS5,JZAMQDDHRXHDFR-UHFFFAOYSA-N,6.3795881271362305,0.0
Q6YMS5,QFJCIRLUMZQUOT-HPLJOQBZSA-N,6.017059326171875,0.0
Q6YMS5,MPYLDWFDPHRTEG-PAAYLBSLSA-N,5.116303443908691,0.0
Q6YMS5,MJJALKDDGIKVBE-UHFFFAOYSA-N,5.087428092956543,0.0
Q6YMS5,UPJSUQWHUVLLNW-XMMPIXPASA-N,5.203610420227051,0.0
Q6YMS5,GBTODAKMABNGIJ-VWLOTQADSA-N,5.665818691253662,0.0
Q6YMS5,AOCCBINRVIKJHY-UHFFFAOYSA-N,5.328276634216309,0.0
Q6YMS5,RTGDFNSFWBGLEC-SYZQJQIISA-N,5.553685665130615,0.0
Q6YMS5,BCGWQEUPMDMJNV-UHFFFAOYSA-N,5.11271858215332,0.0
Q6YMS5,BHELIUBJHYAEDK-OAIUPTLZSA-N,4.800480842590332,0.0
Q6YMS5,PWWVAXIEGOYWEE-UHFFFAOYSA-N,5.864438056945801,0.0
Q6YMS5,MMNNTJYFHUDSKL-UHFFFAOYSA-N,5.985734939575195,0.0
Q6YMS5,NCDNCNXCDXHOMX-XGKFQTDJSA-N,9.399310111999512,0.0
Q6YMS5,DMQYDVBIPXAAJA-VHXPQNKSSA-N,5.511690616607666,0.0
Q6YMS5,CEUORZQYGODEFX-UHFFFAOYSA-N,5.841504096984863,0.0
Q6YMS5,DZZWHBIBMUVIIW-DTORHVGOSA-N,5.32837438583374,0.0
Q6YMS5,PAVKBQLPQCDVNI-UHFFFAOYSA-N,4.861020088195801,0.0
Q6YMS5,OUSFTKFNBAZUKL-UHFFFAOYSA-N,5.19255256652832,0.0
Q6YMS5,HYNBNUYQTQIHJK-UHFFFAOYSA-N,5.749856948852539,0.0
Q6YMS5,JXONINOYTKKXQQ-CQSZACIVSA-N,5.31092643737793,0.0
Q6YMS5,WTHRRGMBUAHGNI-LCYNINFDSA-N,6.77266788482666,0.0
Q6YMS5,LTLYEAJONXGNFG-DCAQKATOSA-N,5.046252250671387,0.0
Q6YMS5,GHASVSINZRGABV-UHFFFAOYSA-N,8.067160606384277,0.0
Q6YMS5,WDJUZGPOPHTGOT-XUDUSOBPSA-N,6.287725448608398,0.0
Q6YMS5,TXUZVZSFRXZGTL-QPLCGJKRSA-N,5.367361068725586,0.0
Q6YMS5,FYDWDCIFZSGNBU-UHFFFAOYSA-N,6.070656776428223,0.0
Q6YMS5,GEZHEQNLKAOMCA-RRZNCOCZSA-N,5.400701522827148,0.0
Q6YMS5,KTUFNOKKBVMGRW-UHFFFAOYSA-N,5.166837692260742,0.0
Q6YMS5,WELIVEBWRWAGOM-UHFFFAOYSA-N,7.730110168457031,0.0
Q6YMS5,QFLNTQDOVCLQKW-UHFFFAOYSA-N,5.370139122009277,0.0
Q6YMS5,NEHWBYHLYZGBNO-BVEPWEIPSA-N,6.1482954025268555,0.0
Q6YMS5,VAAUVRVFOQPIGI-SPQHTLEESA-N,5.426957130432129,0.0
Q6YMS5,XGALLCVXEZPNRQ-UHFFFAOYSA-N,5.4722394943237305,0.0
Q6YMS5,BURHGPHDEVGCEZ-KJGLQBJMSA-N,5.417913436889648,0.0
Q6YMS5,FGAPXYWEQVSGDJ-JVXZTZIISA-N,6.108821868896484,0.0
Q6YMS5,KBGAYAKRZNYFFG-BOHATCBPSA-N,5.558325290679932,0.0
Q6YMS5,UCVAQBJLJIKTFJ-MOPGFXCFSA-N,5.9641618728637695,0.0
Q6YMS5,RPHLQSHHTJORHI-UHFFFAOYSA-N,4.979176998138428,0.0
Q6YMS5,PXZDWASDNFWKSD-UHFFFAOYSA-N,5.50742244720459,0.0
Q6YMS5,PAEZRCINULFAGO-OAQYLSRUSA-N,5.343986511230469,0.0
Q6YMS5,JGPXDNKSIXAZEQ-SBBZOCNPSA-N,5.348056793212891,0.0
Q6YMS5,SBRXTSOCZITGQG-UHFFFAOYSA-N,5.192464351654053,0.0
Q6YMS5,PVEVXUMVNWSNIG-PDPGNHKXSA-N,5.630889892578125,0.0
Q6YMS5,JBPUGFODGPKTDW-SFHVURJKSA-N,6.40516471862793,0.0
Q6YMS5,AERLHOTUXIJQFV-RCPZPFRWSA-N,5.507390022277832,0.0
Q6YMS5,AIIXYCDTEGICEE-CTVCDRHFSA-N,5.929633140563965,0.0
Q6YMS5,ZJVAVRRLTFVZIP-UHFFFAOYSA-N,5.4261956214904785,0.0
Q6YMS5,IPMYMEWFZKHGAX-ZKSIBHASSA-N,4.586979389190674,0.0
Q6YMS5,NCXMLFZGDNKEPB-FFPOYIOWSA-N,5.099074363708496,0.0
Q6YMS5,HESSNRGIEVBPRB-QDDPNBLJSA-N,5.668778419494629,0.0
Q6YMS5,DKORMNNYNRPTBJ-UHFFFAOYSA-N,6.378755569458008,0.0
Q6YMS5,DRXHAKVGNKHFMB-UHFFFAOYSA-N,4.704278469085693,0.0
Q6YMS5,GVEZIHKRYBHEFX-NQQPLRFYSA-N,4.8527679443359375,0.0
Q6YMS5,XDXDZDZNSLXDNA-TZNDIEGXSA-N,5.927382469177246,0.0
Q6YMS5,YTMOQFAFGKLYIW-CONSDPRKSA-N,6.018136024475098,0.0
Q6YMS5,LQVXSNNAFNGRAH-QHCPKHFHSA-N,5.755303859710693,0.0
Q6YMS5,ODKNJVUHOIMIIZ-RRKCRQDMSA-N,6.182680130004883,0.0
Q6YMS5,KOAWAWHSMVKCON-UHFFFAOYSA-N,5.785190105438232,0.0
Q6YMS5,IPVFGAYTKQKGBM-GDBQBOEPSA-N,5.206026554107666,0.0
Q6YMS5,ZXSGSFMORAILEY-HNNXBMFYSA-N,5.350651741027832,0.0
Q6YMS5,UXXQOJXBIDBUAC-UHFFFAOYSA-N,5.52692985534668,0.0
Q6YMS5,ULXXDDBFHOBEHA-CWDCEQMOSA-N,5.762347221374512,0.0
Q6YMS5,MIWWSGDADVMLTG-UHFFFAOYSA-N,5.587000370025635,0.0
Q6YMS5,SRIOCKJKFXAKHK-UHFFFAOYSA-N,4.470873832702637,0.0
Q6YMS5,NBRQRXRBIHVLGI-OWXODZSWSA-N,6.065768241882324,0.0
Q6YMS5,IQPNAANSBPBGFQ-UHFFFAOYSA-N,4.902142524719238,0.0
Q6YMS5,ZEZFKUBILQRZCK-MJSCXXSSSA-N,4.821672439575195,0.0
Q6YMS5,VLEUZFDZJKSGMX-ONEGZZNKSA-N,4.784207820892334,0.0
Q6YMS5,ULRDYYKSPCRXAJ-KRWDZBQOSA-N,4.535139083862305,0.0
Q6YMS5,LHGWWAFKVCIILM-AMZGXZFVSA-N,6.532247543334961,0.0
Q6YMS5,YJZSUCFGHXQWDM-UHFFFAOYSA-N,6.4616498947143555,0.0
Q6YMS5,ZUQBAQVRAURMCL-DOMZBBRYSA-N,6.089399337768555,0.0
Q6YMS5,NRUKOCRGYNPUPR-QBPJDGROSA-N,5.2387189865112305,0.0
Q6YMS5,PSBAIJVSCTZDDB-UHFFFAOYSA-N,5.035859107971191,0.0
Q6YMS5,XRXDAJYKGWNHTQ-UHFFFAOYSA-N,5.096867561340332,0.0
Q6YMS5,SFNSLLSYNZWZQG-VQIMIIECSA-N,5.6597795486450195,0.0
Q6YMS5,BCSHRERPHLTPEE-NRFANRHFSA-N,5.11995792388916,0.0
Q6YMS5,WVXRAFOPTSTNLL-NKWVEPMBSA-N,5.094595432281494,0.0
Q6YMS5,ZXFQRFXLFWWKLX-UHFFFAOYSA-N,4.7011566162109375,0.0
Q6YMS5,JFIOVJDNOJYLKP-UHFFFAOYSA-N,5.002691268920898,0.0
Q6YMS5,RMSWMRJVUJSDGN-UHFFFAOYSA-N,6.726188659667969,0.0
Q6YMS5,HPLNQCPCUACXLM-PGUFJCEWSA-N,4.884924411773682,0.0
Q6YMS5,SRPXSILJHWNFMK-MEDUHNTESA-N,5.534819602966309,0.0
Q6YMS5,IAJOMYABKVAZCN-AATRIKPKSA-N,6.264650344848633,0.0
Q6YMS5,HKVAMNSJSFKALM-GKUWKFKPSA-N,5.484787940979004,0.0
Q6YMS5,RWWYLEGWBNMMLJ-YSOARWBDSA-N,4.722194671630859,0.0
Q6YMS5,FMHQJXGMLMSMLC-WBUYAQKGSA-N,4.636126518249512,0.0
Q6YMS5,OVRBKKLFIRJPKY-UHFFFAOYSA-N,7.7045087814331055,0.0
Q6YMS5,GMJFVGRUYJHMCO-UHFFFAOYSA-N,5.2110209465026855,0.0
Q6YMS5,BSMCAPRUBJMWDF-KRWDZBQOSA-N,4.996610641479492,0.0
Q6YMS5,GFBKORZTTCHDGY-UWVJOHFNSA-N,5.3238677978515625,0.0
Q6YMS5,AHOUBRCZNHFOSL-YOEHRIQHSA-N,4.946537971496582,0.0
Q6YMS5,QHADVLVFMKEIIP-UHFFFAOYSA-N,5.876151084899902,0.0
Q6YMS5,HVXKQKFEHMGHSL-GOOCMWNKSA-N,6.687421798706055,0.0
Q6YMS5,NFSKEXQRNDSSAN-NSHDSACASA-N,4.970751762390137,0.0
Q6YMS5,DPHUWDIXHNQOSY-UHFFFAOYSA-N,5.479824066162109,0.0
Q6YMS5,JLYAXFNOILIKPP-KXQOOQHDSA-N,5.63114595413208,0.0
Q6YMS5,XWFCFMXQTBGXQW-GOSISDBHSA-N,5.872292518615723,0.0
Q6YMS5,LHNIIDJUOCFXAP-UHFFFAOYSA-N,6.8297014236450195,0.0
Q6YMS5,CTQMJYWDVABFRZ-UHFFFAOYSA-N,4.893914222717285,0.0
Q6YMS5,WLOHNSSYAXHWNR-DWIOZXRMSA-N,5.660496234893799,0.0
Q6YMS5,AAKJLRGGTJKAMG-UHFFFAOYSA-N,5.205931186676025,0.0
Q6YMS5,JETQIUPBHQNHNZ-NJBDSQKTSA-N,4.462488174438477,0.0
Q6YMS5,HSNUXANXVHLGQT-HXUWFJFHSA-N,4.829050064086914,0.0
Q6YMS5,VPBYZLCHOKSGRX-UHFFFAOYSA-N,5.166748046875,0.0
Q6YMS5,SIMWTRCFFSTNMG-AWEZNQCLSA-N,5.946268081665039,0.0
Q6YMS5,RSPDBEVKURKEII-ZCFIWIBFSA-N,6.61955451965332,0.0
Q6YMS5,POERAARDVFVDLO-QGZVFWFLSA-N,4.879530906677246,0.0
Q6YMS5,ZHJGWYRLJUCMRT-QGZVFWFLSA-N,5.9328413009643555,0.0
Q6YMS5,AQHHHDLHHXJYJD-UHFFFAOYSA-N,5.952888488769531,0.0
Q6YMS5,GZUITABIAKMVPG-UHFFFAOYSA-N,5.348569869995117,0.0
Q6YMS5,XZAFZXJXZHRNAQ-STQMWFEESA-N,5.142758369445801,0.0
Q6YMS5,DALKLAYLIPSCQL-YPYQNWSCSA-N,5.07005500793457,0.0
Q6YMS5,FNDDDNOJWPQCBZ-ZDUSSCGKSA-N,5.949981689453125,0.0
Q6YMS5,SGDBTWWWUNNDEQ-LBPRGKRZSA-N,5.196323871612549,0.0
Q6YMS5,AQLVRTWKJDTWQQ-SDBHATRESA-N,5.81813907623291,0.0
Q6YMS5,QMGGMESMCJCABO-JARXUMMXSA-N,5.369322776794434,0.0
Q6YMS5,HHJUWIANJFBDHT-KOTLKJBCSA-N,5.25015926361084,0.0
Q6YMS5,WVUNYSQLFKLYNI-AATRIKPKSA-N,6.586438179016113,0.0
Q6YMS5,ATLJNLYIJOCWJE-CWMZOUAVSA-N,5.23628044128418,0.0
Q6YMS5,IRSCQMHQWWYFCW-UHFFFAOYSA-N,5.563098907470703,0.0
Q6YMS5,SUJUHGSWHZTSEU-FYBSXPHGSA-N,7.632225036621094,0.0
Q6YMS5,UJRRDDHEMZLWFI-UHFFFAOYSA-N,6.330352783203125,0.0
Q6YMS5,LTDOHCZUKCZDEQ-BJOHPYRUSA-N,5.088515281677246,0.0
Q6YMS5,KHOITXIGCFIULA-UHFFFAOYSA-N,5.172418594360352,0.0
Q6YMS5,CXGTZJYQWSUFET-IBGZPJMESA-N,5.57921838760376,0.0
Q6YMS5,GNDPAVKYAUIVEB-ZROIWOOFSA-N,5.554017066955566,0.0
Q6YMS5,OHRURASPPZQGQM-GCCNXGTGSA-N,5.787849426269531,0.0
Q6YMS5,RITAVMQDGBJQJZ-FMIVXFBMSA-N,5.833164691925049,0.0
Q6YMS5,GMIZZEXBPRLVIV-SECBINFHSA-N,6.848450660705566,0.0
Q6YMS5,ASSNCSVJAZEMQG-UHFFFAOYSA-N,6.4104413986206055,0.0
Q6YMS5,DJUFPMUQJKWIJB-UHFFFAOYSA-N,6.672538757324219,0.0
Q6YMS5,BUXNKFNNJJTLOS-UHFFFAOYSA-N,4.949582099914551,0.0
Q6YMS5,PQLXHQMOHUQAKB-UHFFFAOYSA-N,5.85637092590332,0.0
Q6YMS5,LRKDYEMHDRMUKA-XJDOXCRVSA-N,7.196798324584961,0.0
Q6YMS5,KMNLXCBYBKHKSK-BKMJKUGQSA-N,5.625972747802734,0.0
Q6YMS5,DDFOUSQFMYRUQK-RCDICMHDSA-N,5.213796138763428,0.0
Q6YMS5,PXSOHRWMIRDKMP-UHFFFAOYSA-N,5.598028182983398,0.0
Q6YMS5,CIKWKGFPFXJVGW-UHFFFAOYSA-N,4.714667320251465,0.0
Q6YMS5,IMOZEMNVLZVGJZ-QGZVFWFLSA-N,4.4575910568237305,0.0
Q6YMS5,LTXREWYXXSTFRX-QGZVFWFLSA-N,6.303175926208496,0.0
Q6YMS5,QVNZBDLTUKCPGJ-SHQCIBLASA-N,5.259477615356445,0.0
Q6YMS5,MMSNEKOTSJRTRI-LLVKDONJSA-N,6.557844161987305,0.0
Q6YMS5,XACKNLSZYYIACO-DJLDLDEBSA-N,7.697124481201172,0.0
Q6YMS5,LLVZBTWPGQVVLW-SNAWJCMRSA-N,4.831027984619141,0.0
Q6YMS5,WYXSYVWAUAUWLD-SHUUEZRQSA-N,6.287308692932129,0.0
Q6YMS5,ZADGGFKUEYIBJC-UHFFFAOYSA-N,5.112287998199463,0.0
Q6YMS5,WVLHHLRVNDMIAR-IBGZPJMESA-N,6.283968925476074,0.0
Q6YMS5,PTJGLFIIZFVFJV-UHFFFAOYSA-N,6.124445915222168,0.0
Q6YMS5,XRVDGNKRPOAQTN-FQEVSTJZSA-N,4.946608543395996,0.0
Q6YMS5,YANGEESWIGIKOP-UUWRZZSWSA-N,5.467314720153809,0.0
Q6YMS5,AFYOQRIZFPJUAR-UBTCORFISA-N,4.71223258972168,0.0
Q6YMS5,FILYHFFLMZBUSY-UHFFFAOYSA-N,5.088597297668457,0.0
Q6YMS5,QLLGKCJUPWYJON-HLTSFMKQSA-N,6.565300941467285,0.0
Q6YMS5,JBSNALXXNTWUEC-SFQUDFHCSA-N,5.637897491455078,0.0
Q6YMS5,DDNCQMVWWZOMLN-IRLDBZIGSA-N,6.788984298706055,0.0
Q6YMS5,FIHJKUPKCHIPAT-AHIGJZGOSA-N,6.311880111694336,0.0
Q6YMS5,PWZUUYSISTUNDW-VAFBSOEGSA-N,6.832207679748535,0.0
Q6YMS5,QNAYBMKLOCPYGJ-REOHCLBHSA-N,4.8172688484191895,0.0
Q6YMS5,LUOUCHOLMUUZBO-SVSXJNCISA-N,4.395662784576416,0.0
Q6YMS5,JRNJNYBQQYBCLE-UHFFFAOYSA-N,7.530646324157715,0.0
Q6YMS5,IJWPAFMIFNSIGD-UHFFFAOYSA-N,6.861610412597656,0.0
Q6YMS5,MJZJYWCQPMNPRM-UHFFFAOYSA-N,5.109894752502441,0.0
Q6YMS5,YLJOVCWVJCDPLN-UHFFFAOYSA-N,6.870656967163086,0.0
Q6YMS5,WGMASVSHOSNKMF-UHFFFAOYSA-N,4.974103927612305,0.0
Q6YMS5,WOVKYSAHUYNSMH-RRKCRQDMSA-N,4.993401527404785,0.0
Q6YMS5,QGYGTMZEJNOHNU-UHFFFAOYSA-N,5.888193130493164,0.0
Q6YMS5,UHQFBTAJFNVZIV-UHFFFAOYSA-N,6.230954170227051,0.0
Q6YMS5,AYUNIORJHRXIBJ-TXHRRWQRSA-N,5.08344030380249,0.0
Q6YMS5,YOVVNQKCSKSHKT-HNNXBMFYSA-N,5.3628692626953125,0.0
Q6YMS5,PHEZJEYUWHETKO-UHFFFAOYSA-N,5.828873634338379,0.0
Q6YMS5,BMQGVNUXMIRLCK-OAGWZNDDSA-N,5.977444648742676,0.0
Q6YMS5,FHFYDNQZQSQIAI-UHFFFAOYSA-N,4.396430015563965,0.0
Q6YMS5,FGTCROZDHDSNIO-UHFFFAOYSA-N,4.987207412719727,0.0
Q6YMS5,DDYJDIHOSRTMSE-DHZHZOJOSA-N,5.832026481628418,0.0
Q6YMS5,ZATDYQOGSPTLBG-UHFFFAOYSA-N,5.466921806335449,0.0
Q6YMS5,SGTNSNPWRIOYBX-UHFFFAOYSA-N,6.255890846252441,0.0
Q6YMS5,PGSRKJVMAOWDEC-SXOMAYOGSA-N,6.843883514404297,0.0
Q6YMS5,OTVAEFIXJLOWRX-NXEZZACHSA-N,6.929257392883301,0.0
Q6YMS5,OKBVVJOGVLARMR-QSWIMTSFSA-N,5.065212249755859,0.0
Q6YMS5,NNBGCSGCRSCFEA-UHFFFAOYSA-N,6.001751899719238,0.0
Q6YMS5,MAVDNGWEBZTACC-HNNXBMFYSA-N,5.781069755554199,0.0
Q6YMS5,GZTMFRUGZMZCRD-CFBAGHHKSA-N,5.192878723144531,0.0
Q6YMS5,MKPLKVHSHYCHOC-AHTXBMBWSA-N,6.138180732727051,0.0
Q6YMS5,SFOADSRLCHRTKT-UHFFFAOYSA-R,5.400923728942871,0.0
Q6YMS5,BTUDYMZUFKDIFZ-FHEMDEPNSA-N,5.1951704025268555,0.0
Q6YMS5,GYLDXIAOMVERTK-UHFFFAOYSA-N,4.783921241760254,0.0
Q6YMS5,AAFJXZWCNVJTMK-UHFFFAOYSA-N,5.156744956970215,0.0
Q6YMS5,NZCRJKRKKOLAOJ-XRCRFVBUSA-N,5.649667739868164,0.0
Q6YMS5,PKCDDUHJAFVJJB-UHFFFAOYSA-N,5.286282539367676,0.0
Q6YMS5,YASAKCUCGLMORW-UHFFFAOYSA-N,5.408063888549805,0.0
Q6YMS5,DQOYUDHAZMAVLD-UHFFFAOYSA-N,5.867487907409668,0.0
Q6YMS5,VMKVDAAFMQKZJS-LFIBNONCSA-N,5.357558250427246,0.0
Q6YMS5,LSPANGZZENHZNJ-UHFFFAOYSA-N,4.848567962646484,0.0
Q6YMS5,ZJVFLBOZORBYFE-UHFFFAOYSA-N,4.499377250671387,0.0
Q6YMS5,FGJIDQWRRLDGDB-CPIXEKRISA-N,5.132706642150879,0.0
Q6YMS5,QGQFNQWZHHSZIC-UHFFFAOYSA-N,6.503517150878906,0.0
Q6YMS5,DCRWIATZWHLIPN-QGZVFWFLSA-N,6.030684471130371,0.0
Q6YMS5,VZYCZNZBPPHOFY-UHFFFAOYSA-N,5.732278823852539,0.0
Q6YMS5,RYMZZMVNJRMUDD-HGQWONQESA-N,5.760515213012695,0.0
Q6YMS5,QPDYBCZNGUJZDK-DNQXCXABSA-N,7.980620384216309,0.0
Q6YMS5,XCPGHVQEEXUHNC-UHFFFAOYSA-N,6.250391006469727,0.0
Q6YMS5,UKNVCOILWOLTLJ-UHFFFAOYSA-N,6.7274017333984375,0.0
Q6YMS5,CFBUZOUXXHZCFB-UHFFFAOYSA-N,5.102835655212402,0.0
Q6YMS5,ILBRKJBKDGCSCB-UHFFFAOYSA-N,5.002105712890625,0.0
Q6YMS5,SYWHXTATXSMDSB-GSLJADNHSA-N,4.524868011474609,0.0
Q6YMS5,MHDPPLULTMGBSI-UHFFFAOYSA-N,4.723937034606934,0.0
Q6YMS5,ZUZPCOQWSYNWLU-VIFPVBQESA-N,7.123600959777832,0.0
Q6YMS5,QADHLRWLCPCEKT-LOVVWNRFSA-N,5.389759063720703,0.0
Q6YMS5,HVFLCNVBZFFHBT-ZKDACBOMSA-N,5.3354034423828125,0.0
Q6YMS5,SMQXDOVGKKMUIZ-UHFFFAOYSA-N,5.164370536804199,0.0
Q6YMS5,CMJCXYNUCSMDBY-ZDUSSCGKSA-N,6.547698974609375,0.0
Q6YMS5,RXBWRFDZXRAEJT-SZNOJMITSA-N,9.511183738708496,0.0
Q6YMS5,XEEQGYMUWCZPDN-UHFFFAOYSA-N,6.178046226501465,0.0
Q6YMS5,MRUDSZSRLQAPOG-UHFFFAOYSA-N,5.09072732925415,0.0
Q6YMS5,MJIHNNLFOKEZEW-RUZDIDTESA-N,6.945879936218262,0.0
Q6YMS5,CSMVOZKEWSOFER-UHFFFAOYSA-N,4.618068695068359,0.0
Q6YMS5,YEASNVKEKVHQLR-UHFFFAOYSA-N,5.949549674987793,0.0
Q6YMS5,JQBKWZPHJOEQAO-DVPVEWDBSA-N,5.021590232849121,0.0
Q6YMS5,OIZSVTOIBNSVOS-UHFFFAOYSA-N,5.117161750793457,0.0
Q6YMS5,VLCYCQAOQCDTCN-UHFFFAOYSA-N,5.197719573974609,0.0
Q6YMS5,TYZROVQLWOKYKF-ZDUSSCGKSA-N,5.689200401306152,0.0
Q6YMS5,AKLMFDDQCHURPW-ISIOAQNYSA-N,5.703586578369141,0.0
Q6YMS5,UBQYURCVBFRUQT-UHFFFAOYSA-N,5.461863994598389,0.0
Q6YMS5,GLBJJMFZWDBELO-UHFFFAOYSA-N,4.804805755615234,0.0
Q6YMS5,JQXXHWHPUNPDRT-WLSIYKJHSA-N,5.821270942687988,0.0
Q6YMS5,FUWFSXZKBMCSKF-ZASNTINBSA-N,6.151745796203613,0.0
Q6YMS5,MAFACRSJGNJHCF-UHFFFAOYSA-N,4.676934242248535,0.0
Q6YMS5,SNUDIPVBUUXCDG-QHSBEEBCSA-N,4.954100131988525,0.0
Q6YMS5,YOQPCWIXYUNEET-UHFFFAOYSA-N,4.918015956878662,0.0
Q6YMS5,WBSWOKCKZUNHQV-ZETCQYMHSA-N,4.849828720092773,0.0
Q6YMS5,STQGQHZAVUOBTE-VGBVRHCVSA-N,5.939975738525391,0.0
Q6YMS5,PWVXXGRKLHYWKM-LJQANCHMSA-N,6.247804641723633,0.0
Q6YMS5,BYKBUQDQTLDNLE-KBPBESRZSA-N,5.145910739898682,0.0
Q6YMS5,YIMHGPSYDOGBPI-IQQSWPBXSA-N,4.989214897155762,0.0
Q6YMS5,XPNMCDYOYIKVGB-CONSDPRKSA-N,4.89411735534668,0.0
Q6YMS5,OWEGWHBOCFMBLP-UHFFFAOYSA-N,5.37923002243042,0.0
Q6YMS5,KJVQYDYPDFFJMP-UHFFFAOYSA-N,5.9130401611328125,0.0
Q6YMS5,VJLRLTSXTLICIR-UHFFFAOYSA-N,5.202347755432129,0.0
Q6YMS5,ZGUGWUXLJSTTMA-UHFFFAOYSA-N,6.158987045288086,0.0
Q6YMS5,LRMJAFKKJLRDLE-UHFFFAOYSA-N,6.453244209289551,0.0
Q6YMS5,LNGNTCFORRWFSF-DVTGEIKXSA-N,4.461997985839844,0.0
Q6YMS5,DWZAEMINVBZMHQ-UHFFFAOYSA-N,6.166556358337402,0.0
Q6YMS5,HTAFVGKAHGNWQO-UHFFFAOYSA-N,4.52603006362915,0.0
Q6YMS5,DHRSMTKISIZCET-VYXZUABCSA-N,5.6985979080200195,0.0
Q6YMS5,ANZIOUQAFBXNHU-UHFFFAOYSA-N,5.860211372375488,0.0
Q6YMS5,MSHZHSPISPJWHW-PVDLLORBSA-N,6.780245780944824,0.0
Q6YMS5,MPMZSZMDCRPSRF-UHFFFAOYSA-N,6.8042802810668945,0.0
Q6YMS5,BTTNOGHPGJANSW-IBGZPJMESA-N,7.785910606384277,0.0
Q6YMS5,BVAHPPKGOOJSPU-UHFFFAOYSA-N,6.140204429626465,0.0
Q6YMS5,AYCPARAPKDAOEN-LJQANCHMSA-N,5.0797014236450195,0.0
Q6YMS5,DOMWKUIIPQCAJU-LJHIYBGHSA-N,5.465876579284668,0.0
Q6YMS5,FASDKYOPVNHBLU-ZETCQYMHSA-N,5.1912007331848145,0.0
Q6YMS5,RXZMYLDMFYNEIM-UHFFFAOYSA-N,5.049485206604004,0.0
Q6YMS5,VQJHOPSWBGJHQS-UHFFFAOYSA-N,6.240593910217285,0.0
Q6YMS5,JYJKOWWSKTWAJA-RTWAWAEBSA-N,5.18309211730957,0.0
Q6YMS5,SDUQYLNIPVEERB-QPPQHZFASA-N,6.259513854980469,0.0
Q6YMS5,KASDHRXLYQOAKZ-XDSKOBMDSA-N,5.040901184082031,0.0
Q6YMS5,ROWSTIYZUWEOMM-UHFFFAOYSA-N,4.891961097717285,0.0
Q6YMS5,SFLSHLFXELFNJZ-QMMMGPOBSA-N,4.993483543395996,0.0
Q6YMS5,HNTGDFCASLOZEZ-PGDDNOQISA-N,5.086843013763428,0.0
Q6YMS5,OHUHVTCQTUDPIJ-JYCIKRDWSA-N,5.296567440032959,0.0
Q6YMS5,BXNMTOQRYBFHNZ-UHFFFAOYSA-N,5.107096195220947,0.0
Q6YMS5,GCWIQUVXWZWCLE-INIZCTEOSA-N,6.40029239654541,0.0
Q6YMS5,AFSDNFLWKVMVRB-UHFFFAOYSA-N,5.595028877258301,0.0
Q6YMS5,QLUYMIVVAYRECT-OCCSQVGLSA-N,5.327877998352051,0.0
Q6YMS5,AKUJBENLRBOFTD-RPRRAYFGSA-N,4.60546875,0.0
Q6YMS5,OKFDRAHPFKMAJH-UHFFFAOYSA-N,4.867219924926758,0.0
Q6YMS5,KPQZUUQMTUIKBP-UHFFFAOYSA-N,5.456348419189453,0.0
Q6YMS5,HCIBTBXNLVOFER-UHFFFAOYSA-N,4.686359405517578,0.0
Q6YMS5,BNRNXUUZRGQAQC-UHFFFAOYSA-N,6.096282005310059,0.0
Q6YMS5,RTHCYVBBDHJXIQ-INIZCTEOSA-N,5.649458885192871,0.0
Q6YMS5,AUZONCFQVSMFAP-UHFFFAOYSA-N,5.6974287033081055,0.0
Q6YMS5,FEJKLNWAOXSSNR-UHFFFAOYSA-N,4.464874744415283,0.0
Q6YMS5,RJKFOVLPORLFTN-LEKSSAKUSA-N,5.467733860015869,0.0
Q6YMS5,XEFQLINVKFYRCS-UHFFFAOYSA-N,5.295026779174805,0.0
Q6YMS5,QZVNQOLPLYWLHQ-ZEQKJWHPSA-N,4.733165740966797,0.0
Q6YMS5,PZUJQWHTIRWCID-HXUWFJFHSA-N,7.82103157043457,0.0
Q6YMS5,CJXAEXPPLWQRFR-UHFFFAOYSA-N,7.857514381408691,0.0
Q6YMS5,HKGUHEGKBLYKHY-QMOZSOIISA-N,6.812990188598633,0.0
Q6YMS5,LSHVYAFMTMFKBA-TZIWHRDSSA-N,5.5483856201171875,0.0
Q6YMS5,DBOZSKOENGSGEJ-UHFFFAOYSA-N,5.6243367195129395,0.0
Q6YMS5,YKFWMDHZMQLWBO-UHFFFAOYSA-N,5.879375457763672,0.0
Q6YMS5,KVSKGMLNBAPGKH-UHFFFAOYSA-N,6.605917930603027,0.0
Q6YMS5,BIZCZAJFIUSFDU-UHFFFAOYSA-N,7.013079643249512,0.0
Q6YMS5,NRJKIOCCERLIDG-GOSISDBHSA-N,6.681648254394531,0.0
Q6YMS5,RHRAMPXHWHSKQB-GGEUKFTFSA-N,4.637362957000732,0.0
Q6YMS5,CJPLEFFCVDQQFZ-UHFFFAOYSA-N,5.013248443603516,0.0
Q6YMS5,UQRORFVVSGFNRO-UTINFBMNSA-N,5.172770023345947,0.0
Q6YMS5,VLULRUCCHYVXOH-UHFFFAOYSA-N,4.499245643615723,0.0
Q6YMS5,GTUIRORNXIOHQR-VIFPVBQESA-N,4.567049026489258,0.0
Q6YMS5,NPJIOCBFOAHEDO-AVWFULIKSA-N,5.301822662353516,0.0
Q6YMS5,HUASEDVYRABWCV-NDEPHWFRSA-N,4.978549480438232,0.0
Q6YMS5,SVYRYFAUQHVGAI-BMWLXYDHSA-N,5.668798446655273,0.0
Q6YMS5,VNFPBHJOKIVQEB-UHFFFAOYSA-N,6.584342956542969,0.0
Q6YMS5,GKIRPKYJQBWNGO-OCEACIFDSA-N,5.847931861877441,0.0
Q6YMS5,DENYZIUJOTUUNY-MRXNPFEDSA-N,6.290640830993652,0.0
Q6YMS5,ADFCQWZHKCXPAJ-GFCCVEGCSA-N,5.374648094177246,0.0
Q6YMS5,AXNGJCOYCMDPQG-UHFFFAOYSA-N,5.618894577026367,0.0
Q6YMS5,BPZSYCZIITTYBL-YJYMSZOUSA-N,6.250563621520996,0.0
Q6YMS5,XQFRJNBWHJMXHO-RRKCRQDMSA-N,6.299790382385254,0.0
Q6YMS5,IDUMOVRJNBNOTR-BIZLIJPVSA-N,5.515700340270996,0.0
Q6YMS5,WNGFKUOERJDDIY-OQLLNIDSSA-N,4.635549545288086,0.0
Q6YMS5,DCDXHGMCXGHXBM-PMACEKPBSA-N,4.445728778839111,0.0
Q6YMS5,ZPBLNADJHWHOEP-UHFFFAOYSA-N,4.535696983337402,0.0
Q6YMS5,JHBIMJKLBUMNAU-UHFFFAOYSA-N,5.727515697479248,0.0
Q6YMS5,RJCWBNBKOKFWNY-IDPLTSGASA-N,5.560543537139893,0.0
Q6YMS5,YJQPYGGHQPGBLI-KGSXXDOSSA-N,5.140871047973633,0.0
Q6YMS5,PMXCMJLOPOFPBT-HNNXBMFYSA-N,5.046911716461182,0.0
Q6YMS5,XUBOMFCQGDBHNK-UHFFFAOYSA-N,4.630987644195557,0.0
Q6YMS5,WCWSTNLSLKSJPK-LKFCYVNXSA-N,8.740081787109375,0.0
Q6YMS5,KJHKTHWMRKYKJE-SUGCFTRWSA-N,9.659157752990723,0.0
Q6YMS5,VRQVVMDWGGWHTJ-CQSZACIVSA-N,6.362512588500977,0.0
Q6YMS5,FVIZARNDLVOMSU-IRFFNABBSA-N,5.076441287994385,0.0
Q6YMS5,JWLGQCCDUJFFDB-ASDXVTRWSA-N,5.637839317321777,0.0
Q6YMS5,XGXOSJSGDNPEEF-NRFANRHFSA-N,5.205272674560547,0.0
Q6YMS5,BYPIURIATSUHDW-UHFFFAOYSA-N,4.61257266998291,0.0
Q6YMS5,LDYMIBZOCSHLBG-UHFFFAOYSA-N,5.938603401184082,0.0
Q6YMS5,XOZUGNYVDXMRKW-AATRIKPKSA-N,5.060305595397949,0.0
Q6YMS5,SUBDBMMJDZJVOS-UHFFFAOYSA-N,5.766750335693359,0.0
Q6YMS5,STZYTFJPGGDRJD-FJJJPKKESA-N,5.543615341186523,0.0
Q6YMS5,DWYRIWUZIJHQKQ-SANMLTNESA-N,7.174749374389648,0.0
Q6YMS5,KYGZCKSPAKDVKC-UHFFFAOYSA-N,4.37101411819458,0.0
Q6YMS5,HSVTZTOFRYKVEA-KGWLDMEJSA-N,6.265093803405762,0.0
Q6YMS5,RFIXURDMUINBMD-UHFFFAOYSA-N,4.894195556640625,0.0
Q6YMS5,SOLUWJRYJLAZCX-LYOVBCGYSA-N,6.855950355529785,0.0
Q6YMS5,YJQZYXCXBBCEAQ-ACJLOTCBSA-N,5.607593536376953,0.0
Q6YMS5,COVZYZSDYWQREU-UHFFFAOYSA-N,5.107381820678711,0.0
Q6YMS5,IPMQOGDSJZQLFX-BIBZJUPHSA-N,7.562848091125488,0.0
Q6YMS5,HWXVIOGONBBTBY-ONEGZZNKSA-N,4.934841156005859,0.0
Q6YMS5,LVASCWIMLIKXLA-LSDHHAIUSA-N,4.912275314331055,0.0
Q6YMS5,PWAUCHMQEXVFJR-PMAPCBKXSA-N,4.979056358337402,0.0
Q6YMS5,KXMZDGSRSGHMMK-VWLOTQADSA-N,4.953705787658691,0.0
Q6YMS5,MHXGEROHKGDZGO-UHFFFAOYSA-N,5.639535427093506,0.0
Q6YMS5,IWVRVEIKCBFZNF-UHFFFAOYSA-N,4.784388065338135,0.0
Q6YMS5,INAAIJLSXJJHOZ-UHFFFAOYSA-N,5.793318748474121,0.0
Q6YMS5,NSHPHXHGRHSMIK-JRIKCGFMSA-N,5.3672194480896,0.0
Q6YMS5,JSPUCPNQXKTYRO-LWILDLIXSA-N,6.073614120483398,0.0
Q6YMS5,RNLQIBCLLYYYFJ-UHFFFAOYSA-N,5.415990829467773,0.0
Q6YMS5,HOKDBMAJZXIPGC-MRXNPFEDSA-N,6.090886116027832,0.0
Q6YMS5,WUWFMDMBOJLQIV-UHFFFAOYSA-N,6.031679153442383,0.0
Q6YMS5,LOUPRKONTZGTKE-LHHVKLHASA-N,4.822744369506836,0.0
Q6YMS5,HWKQYGBAAMKHDY-UHFFFAOYSA-N,5.445684432983398,0.0
Q6YMS5,DADASRPKWOGKCU-FVTQAUBDSA-N,7.745748519897461,0.0
Q6YMS5,MDLAAYDRRZXJIF-UHFFFAOYSA-N,5.739109039306641,0.0
Q6YMS5,WYUSVOMTXWRGEK-HBWVYFAYSA-N,5.354824066162109,0.0
Q6YMS5,VPTONMHDLLMOOV-UHFFFAOYSA-N,6.392716407775879,0.0
Q6YMS5,WNAQOLSMVPFGTE-UHFFFAOYSA-N,5.786160469055176,0.0
Q6YMS5,GMVPRGQOIOIIMI-DWKJAMRDSA-N,4.775363922119141,0.0
Q6YMS5,JUZYLCPPVHEVSV-LJQANCHMSA-N,8.173416137695312,0.0
Q6YMS5,ZISJNXNHJRQYJO-CMDGGOBGSA-N,4.223321914672852,0.0
Q6YMS5,BJDCWCLMFKKGEE-ISOSDAIHSA-N,6.0594282150268555,0.0
Q6YMS5,IWIVCNVLSKNJJS-VLMZJYNESA-N,4.577219009399414,0.0
Q6YMS5,JAYAGJDXJIDEKI-PTGWOZRBSA-N,6.632789611816406,0.0
Q6YMS5,MDNWOSOZYLHTCG-UHFFFAOYSA-N,4.501572608947754,0.0
Q6YMS5,VDHAWDNDOKGFTD-MRXNPFEDSA-N,5.6295576095581055,0.0
Q6YMS5,ALKJNCZNEOTEMP-UHFFFAOYSA-N,5.989401817321777,0.0
Q6YMS5,ARPYQKTVRGFPIS-VIFPVBQESA-N,5.462324142456055,0.0
Q6YMS5,NMDYYWFGPIMTKO-HBVLKOHWSA-N,5.873873710632324,0.0
Q6YMS5,DSFNLJXHXBIKDS-UHFFFAOYSA-N,5.1053385734558105,0.0
Q6YMS5,JXAGDPXECXQWBC-LJQANCHMSA-N,5.703213691711426,0.0
Q6YMS5,ZOWQTJXNFTWSCS-IAQYHMDHSA-N,5.329998970031738,0.0
Q6YMS5,FBOZXECLQNJBKD-ZDUSSCGKSA-N,5.274722099304199,0.0
Q6YMS5,WIQRCHMSJFFONW-HNNXBMFYSA-N,5.077035903930664,0.0
Q6YMS5,XDZKBRJLTGRPSS-BGZQYGJUSA-N,5.00581169128418,0.0
Q6YMS5,YYCCUFKHCNSRIA-HJWRWDBZSA-N,5.015973091125488,0.0
Q6YMS5,BCEHBSKCWLPMDN-MGPLVRAMSA-N,6.805146217346191,0.0
Q6YMS5,LNMRSSIMGCDUTP-UHFFFAOYSA-N,5.009040832519531,0.0
Q6YMS5,ZLHZLMOSPGACSZ-NSHDSACASA-N,6.8043975830078125,0.0
Q6YMS5,YUAALFPUEOYPNX-UHFFFAOYSA-N,6.677324295043945,0.0
Q6YMS5,WXHHICFWKXDFOW-BJMVGYQFSA-N,5.083198070526123,0.0
Q6YMS5,FOFDIMHVKGYHRU-UHFFFAOYSA-N,4.9657111167907715,0.0
Q6YMS5,JEGHXKRHKHPBJD-UHFFFAOYSA-N,5.156516075134277,0.0
Q6YMS5,XCOWUOOCXCXCNS-UHFFFAOYSA-N,5.283890724182129,0.0
Q6YMS5,WOFMFGQZHJDGCX-ZULDAHANSA-N,5.622102737426758,0.0
Q6YMS5,ZFDATWDBAKWOKP-UHFFFAOYSA-N,5.033815383911133,0.0
Q6YMS5,VERWOWGGCGHDQE-UHFFFAOYSA-N,6.857949256896973,0.0
Q6YMS5,CDJNNOJINJAXPV-UHFFFAOYSA-N,6.814968109130859,0.0
Q6YMS5,HAWWPSYXSLJRBO-UHFFFAOYSA-N,4.9625959396362305,0.0
Q6YMS5,JEYWNNAZDLFBFF-UHFFFAOYSA-N,4.640074253082275,0.0
Q6YMS5,WINXAKJYORVNHU-UHFFFAOYSA-N,4.747005939483643,0.0
Q6YMS5,WDZCUPBHRAEYDL-GZAUEHORSA-N,6.217380523681641,0.0
Q6YMS5,OBJKLVFDRLAGJI-UHFFFAOYSA-N,4.572780609130859,0.0
Q6YMS5,GSWINTXYUFHJGW-UHFFFAOYSA-N,4.859769344329834,0.0
Q6YMS5,NHTKGYOMICWFQZ-BBOXMAMFSA-N,5.019157409667969,0.0
Q6YMS5,MQIRDWDCKACDRZ-DUXPYHPUSA-N,5.2280683517456055,0.0
Q6YMS5,MINDHVHHQZYEEK-HBBNESRFSA-N,5.8934431076049805,0.0
Q6YMS5,WDQPAMHFFCXSNU-UHFFFAOYSA-N,5.035791873931885,0.0
Q6YMS5,UAUIUKWPKRJZJV-QPLHLKROSA-N,5.912426948547363,0.0
Q6YMS5,MNLHFGXIUJNDAF-UHFFFAOYSA-N,6.080724716186523,0.0
Q6YMS5,OSJJYEUEJRVVOD-UHFFFAOYSA-N,5.777329444885254,0.0
Q6YMS5,XIUUSFJTJXFNGH-UHFFFAOYSA-N,6.460789680480957,0.0
Q6YMS5,PTQXTEKSNBVPQJ-UHFFFAOYSA-N,5.549444198608398,0.0
Q6YMS5,FCCNSUIJIOOXEZ-SJYYZXOBSA-N,5.927353858947754,0.0
Q6YMS5,SYOKIDBDQMKNDQ-XWTIBIIYSA-N,5.985579490661621,0.0
Q6YMS5,VFUXSYAXEKYYMB-UHFFFAOYSA-N,6.466050148010254,0.0
Q6YMS5,MKUXAQIIEYXACX-UHFFFAOYSA-N,4.850374221801758,0.0
Q6YMS5,ULSDMUVEXKOYBU-ZDUSSCGKSA-N,5.809388160705566,0.0
Q6YMS5,NOECSYBNZHIVHW-LKADTRSGSA-N,4.9730143547058105,0.0
Q6YMS5,NKDFYOWSKOHCCO-YPVLXUMRSA-N,4.858529090881348,0.0
Q6YMS5,NNULBSISHYWZJU-LLKWHZGFSA-N,4.520036220550537,0.0
Q6YMS5,HGVNLRPZOWWDKD-UHFFFAOYSA-N,5.872401237487793,0.0
Q6YMS5,XOKJUSAYZUAMGJ-WOUKDFQISA-N,4.863515377044678,0.0
Q6YMS5,OCJYIGYOJCODJL-UHFFFAOYSA-N,5.825595855712891,0.0
Q6YMS5,GABVDWALKPAUEQ-UHFFFAOYSA-M,5.632489204406738,0.0
Q6YMS5,MJMVUQNNSOBCGF-UHFFFAOYSA-N,5.160392761230469,0.0
Q6YMS5,ZOCKGBMQLCSHFP-KQRAQHLDSA-N,5.417165756225586,0.0
Q6YMS5,DSDNAKHZNJAGHN-MXTYGGKSSA-N,5.509040355682373,0.0
Q6YMS5,JYRHGXXQSIPDDP-IACUBPJLSA-N,4.647792816162109,0.0
Q6YMS5,LWQQLNNNIPYSNX-UROSTWAQSA-N,5.487493515014648,0.0
Q6YMS5,QRXOZHSEEGNRFC-ZYHUDNBSSA-N,6.155824661254883,0.0
Q6YMS5,SPMVMDHWKHCIDT-UHFFFAOYSA-N,5.2436323165893555,0.0
Q6YMS5,UCFGDBYHRUNTLO-QHCPKHFHSA-N,5.345655918121338,0.0
Q6YMS5,CTMCWCONSULRHO-UHQPFXKFSA-N,6.414674758911133,0.0
Q6YMS5,UNJFKXSSGBWRBZ-BJCIPQKHSA-N,5.360037803649902,0.0
Q6YMS5,AHBKIEXBQNRDNL-FVCOMRFXSA-N,5.286832809448242,0.0
Q6YMS5,JTNIHNJCRCYZSU-IVZQSRNASA-N,5.644237518310547,0.0
Q6YMS5,SSLKKMZJCJBOML-UHFFFAOYSA-N,5.255573272705078,0.0
Q6YMS5,WINHZLLDWRZWRT-ATVHPVEESA-N,5.289166450500488,0.0
Q6YMS5,ANUCDXCTICZJRH-UHFFFAOYSA-N,5.888018608093262,0.0
Q6YMS5,RBTBFTRPCNLSDE-UHFFFAOYSA-N,5.721822738647461,0.0
Q6YMS5,ZXBCLVSLRUWISJ-UHFFFAOYSA-N,5.953287124633789,0.0
Q6YMS5,VDGXZSSDCDPCRF-UHFFFAOYSA-N,5.33001708984375,0.0
Q6YMS5,UXZFQZANDVDGMM-UHFFFAOYSA-N,5.079261779785156,0.0
Q6YMS5,XXSMGPRMXLTPCZ-UHFFFAOYSA-N,4.861943244934082,0.0
Q6YMS5,CGTADGCBEXYWNE-JUKNQOCSSA-N,4.598128318786621,0.0
Q6YMS5,ZWBTYMGEBZUQTK-PVLSIAFMSA-N,5.699929714202881,0.0
Q6YMS5,KKZJGLLVHKMTCM-UHFFFAOYSA-N,6.022411346435547,0.0
Q6YMS5,GOCUUDXEOKIQRU-IXDOHACOSA-N,6.131391525268555,0.0
Q6YMS5,DKOQGJHPHLTOJR-WHRDSVKCSA-N,5.204861164093018,0.0
Q6YMS5,HJORMJIFDVBMOB-UHFFFAOYSA-N,6.026342391967773,0.0
Q6YMS5,VLPADTBFADIFKG-UHFFFAOYSA-N,4.591802597045898,0.0
Q6YMS5,PRXZOPNJRFEGRH-UHFFFAOYSA-N,4.770746231079102,0.0
Q6YMS5,OZSXWXGDJLBJQO-UHFFFAOYSA-N,5.207399368286133,0.0
Q6YMS5,VMDUABMKBUKKPG-UHFFFAOYSA-N,5.113731384277344,0.0
Q6YMS5,VHXNKPBCCMUMSW-FQEVSTJZSA-N,5.68544864654541,0.0
Q6YMS5,QTRALMGDQMIVFF-UHFFFAOYSA-N,5.653002738952637,0.0
Q6YMS5,CNIJVNPIIHWRRP-UHFFFAOYSA-N,5.016749382019043,0.0
Q6YMS5,WDFKMLRRRCGAKS-UHFFFAOYSA-N,5.099753379821777,0.0
Q6YMS5,JLUPGSPHOGFEOB-WQLSENKSSA-N,4.363502502441406,0.0
Q6YMS5,WJRRGYBTGDJBFX-UHFFFAOYSA-N,6.212028503417969,0.0
Q6YMS5,JCYZMTMYPZHVBF-UHFFFAOYSA-N,5.275112152099609,0.0
Q6YMS5,VXHRQVMQVYQGQG-UHFFFAOYSA-N,5.553380966186523,0.0
Q6YMS5,AEOCXXJPGCBFJA-UHFFFAOYSA-N,6.8111982345581055,0.0
Q6YMS5,KMIPKYQIOVAHOP-YLGJWRNMSA-N,4.854704856872559,0.0
Q6YMS5,GZKLJWGUPQBVJQ-UHFFFAOYSA-N,5.809195518493652,0.0
Q6YMS5,MBBCVAKAJPKAKM-UHFFFAOYSA-N,5.12631893157959,0.0
Q6YMS5,IBDYYOQKQCCSDP-QFIPXVFZSA-N,4.850651264190674,0.0
Q6YMS5,HJXPKHCLLLRQDL-HFCXZPKYSA-N,5.385335445404053,0.0
Q6YMS5,JURYTIUJMYPBNN-GKCIPKSASA-N,4.378779411315918,0.0
Q6YMS5,HBOMLICNUCNMMY-XLPZGREQSA-N,5.517138481140137,0.0
Q6YMS5,QNLWMPLUWMWDMQ-YTTGMZPUSA-N,5.003047943115234,0.0
Q6YMS5,ODUOJXZPIYUATO-UHFFFAOYSA-N,5.556171894073486,0.0
Q6YMS5,QWKAUGRRIXBIPO-UHFFFAOYSA-N,5.790379524230957,0.0
Q6YMS5,OZOGDCZJYVSUBR-UHFFFAOYSA-N,5.126928806304932,0.0
Q6YMS5,CVAKNHIXTWLGJO-UHFFFAOYSA-N,5.043637752532959,0.0
Q6YMS5,WEEYASWRWODDTJ-ZDUSSCGKSA-N,5.761427879333496,0.0
Q6YMS5,GXXLUDOKHXEFBQ-YJFSRANCSA-N,5.107175827026367,0.0
Q6YMS5,XNULRSOGWPFPBL-REWPJTCUSA-N,6.245809555053711,0.0
Q6YMS5,GXCZZAKPGMYPDJ-UHFFFAOYSA-N,5.935858726501465,0.0
Q6YMS5,WKLGNFJHVJIZPK-UHFFFAOYSA-N,4.950984954833984,0.0
Q6YMS5,IFFPICMESYHZPQ-UHFFFAOYSA-N,5.783414840698242,0.0
Q6YMS5,RPTUSVTUFVMDQK-UHFFFAOYSA-N,4.693177223205566,0.0
Q6YMS5,UIWZIDIJCUEOMT-UHFFFAOYSA-N,6.248852729797363,0.0
Q6YMS5,GAWOVNGQYQVFLI-UHFFFAOYSA-N,4.626650810241699,0.0
Q6YMS5,VMEJANRODATDOF-UHFFFAOYSA-N,5.085666179656982,0.0
Q6YMS5,VEPKQEUBKLEPRA-UHFFFAOYSA-N,5.398333549499512,0.0
Q6YMS5,MHFRGQHAERHWKZ-UHFFFAOYSA-N,5.136697769165039,0.0
Q6YMS5,URCVCIZFVQDVPM-UHFFFAOYSA-N,4.7172770500183105,0.0
Q6YMS5,SBMNVHIVWGXGAG-HOFKKMOUSA-N,5.208907127380371,0.0
Q6YMS5,SUXQDLLXIBLQHW-UHFFFAOYSA-N,5.0670623779296875,0.0
Q6YMS5,BZGHPHUNZKSCKZ-UHFFFAOYSA-N,5.048110008239746,0.0
Q6YMS5,NEMNPWINWMHUMR-UHFFFAOYSA-N,5.06315803527832,0.0
Q6YMS5,HPIUHDCRVYDAEJ-UHFFFAOYSA-N,5.80089807510376,0.0
Q6YMS5,KNHLHFDFFDCJJR-NXEZZACHSA-N,4.880800724029541,0.0
Q6YMS5,AECDBHGVIIRMOI-UHFFFAOYSA-N,6.569923400878906,0.0
Q6YMS5,PBHFNBQPZCRWQP-AZUAARDMSA-N,5.916097640991211,0.0
Q6YMS5,GWFOVSGRNGAGDL-FSDSQADBSA-N,4.923840522766113,0.0
Q6YMS5,BLUAFEHZUWYNDE-NNWCWBAJSA-N,6.460822105407715,0.0
Q6YMS5,IHIUGIVXARLYHP-UXNJHFGPSA-N,5.522538185119629,0.0
Q6YMS5,RXTHKWVSXOIHJS-UHFFFAOYSA-N,4.520186424255371,0.0
Q6YMS5,MXWZRRPNVLCHMY-UHFFFAOYSA-N,5.570301532745361,0.0
Q6YMS5,JPLQUMVXDBHHSG-UHFFFAOYSA-N,5.957845687866211,0.0
Q6YMS5,KLBQZWRITKRQQV-UHFFFAOYSA-N,5.928051948547363,0.0
Q6YMS5,SUPVGFZUWFMATN-UHFFFAOYSA-N,5.22625732421875,0.0
Q6YMS5,IPWKIXLWTCNBKN-UHFFFAOYSA-N,4.742300987243652,0.0
Q6YMS5,MPVGZUGXCQEXTM-UHFFFAOYSA-N,5.176286697387695,0.0
Q6YMS5,UWXSAYUXVSFDBQ-CYBMUJFWSA-N,6.036995887756348,0.0
Q6YMS5,OHIUQAZROSYCMC-UHFFFAOYSA-N,6.521265983581543,0.0
Q6YMS5,KVLFRAWTRWDEDF-IRXDYDNUSA-N,4.507108211517334,0.0
Q6YMS5,LYHNZWIPSZUYDT-UHFFFAOYSA-N,5.31770133972168,0.0
Q6YMS5,RIKZRSJVZWKHNX-UHFFFAOYSA-N,4.873095512390137,0.0
Q6YMS5,OHUCIUMMEAYVKS-UHFFFAOYSA-N,6.888097763061523,0.0
Q6YMS5,UJEAABFSXKCSGI-UHFFFAOYSA-N,4.5401716232299805,0.0
Q6YMS5,SULYVXZZUMRQAX-NSHDSACASA-N,5.268980026245117,0.0
Q6YMS5,VCFBPAOSTLMYIV-SANMLTNESA-N,6.964322090148926,0.0
Q6YMS5,PWHROYKAGRUWDQ-UHFFFAOYSA-N,5.879908561706543,0.0
Q6YMS5,KPBNHDGDUADAGP-VAWYXSNFSA-N,4.92533016204834,0.0
Q6YMS5,IZAOBRWCUGOKNH-OAHLLOKOSA-N,5.183677673339844,0.0
Q6YMS5,HFHZKZSRXITVMK-UHFFFAOYSA-N,5.3357086181640625,0.0
Q6YMS5,ITAMRBIZWGDOHW-UHFFFAOYSA-N,6.232914924621582,0.0
Q6YMS5,WJLQPSZXCOYTHS-UHFFFAOYSA-N,5.481159210205078,0.0
Q6YMS5,OCAXFDULERPAJM-UHFFFAOYSA-N,6.107486724853516,0.0
Q6YMS5,QBSGXIBYUQJHMJ-UHFFFAOYSA-N,4.924133777618408,0.0
Q6YMS5,IFSDAJWBUCMOAH-HNNXBMFYSA-N,5.849943161010742,0.0
Q6YMS5,VXMOONUMYLCFJD-DHLKQENFSA-N,4.748978614807129,0.0
Q6YMS5,ARJCBSRIPGJMAD-LLVKDONJSA-N,5.982342720031738,0.0
Q6YMS5,SBEOBYJLAQKTQX-UHFFFAOYSA-N,5.680788040161133,0.0
Q6YMS5,ZGXJTSGNIOSYLO-UHFFFAOYSA-N,5.780806064605713,0.0
Q6YMS5,BHQCQFFYRZLCQQ-OELDTZBJSA-N,4.5446648597717285,0.0
Q6YMS5,QGFORSXNKQLDNO-UHFFFAOYSA-N,5.860248565673828,0.0
Q6YMS5,IWUCXVSUMQZMFG-RGDLXGNYSA-N,4.88482666015625,0.0
Q6YMS5,RZEXSKXQNAZHMZ-GXZIAACASA-N,5.487323760986328,0.0
Q6YMS5,QZPQTZZNNJUOLS-UHFFFAOYSA-N,5.359583854675293,0.0
Q6YMS5,DTGZHCFJNDAHEN-OZEXIGSWSA-N,7.2634735107421875,0.0
Q6YMS5,UIRKNQLZZXALBI-MSVGPLKSSA-N,5.182293891906738,0.0
Q6YMS5,CUQJLYFFQBHUGW-UHFFFAOYSA-O,5.272608757019043,0.0
Q6YMS5,ZGRDYKFVDCFJCZ-UHFFFAOYSA-N,5.941003799438477,0.0
Q6YMS5,XZNUJESLPUNSNO-UHFFFAOYSA-N,5.345015525817871,0.0
Q6YMS5,XXVLKDRPHSFIIB-UHFFFAOYSA-N,5.449621200561523,0.0
Q6YMS5,LRHPCRBOMKRVOA-UHFFFAOYSA-N,5.143278121948242,0.0
Q6YMS5,WEEGYLXZBRQIMU-UHFFFAOYSA-N,6.054619789123535,0.0
Q6YMS5,DVNQWYLVSNPCJZ-UHFFFAOYSA-N,6.148679733276367,0.0
Q6YMS5,NNTYBKTXMKBRFA-CQSZACIVSA-N,5.289577484130859,0.0
Q6YMS5,WBKHQQZRHCECKK-UHFFFAOYSA-N,6.28895378112793,0.0
Q6YMS5,KLCCMMSKRMSMKI-QVNMXXJYSA-N,4.5882110595703125,0.0
Q6YMS5,ORDHXXHTBUZRCN-NTEUORMPSA-N,5.695008277893066,0.0
Q6YMS5,VMZMNAABQBOLAK-DBILLSOUSA-N,7.489989280700684,0.0
Q6YMS5,RYBJORHCUPVNMB-UHFFFAOYSA-N,6.803199768066406,0.0
Q6YMS5,VAZAPHZUAVEOMC-UHFFFAOYSA-N,4.806903839111328,0.0
Q6YMS5,YZCUMZWULWOUMD-NDEPHWFRSA-N,7.442618370056152,0.0
Q6YMS5,BTZCSXIUAFVRTE-CHGLIHOBSA-N,5.536382675170898,0.0
Q6YMS5,XDBHURGONHZNJF-UHFFFAOYSA-N,4.9667205810546875,0.0
Q6YMS5,BUGYDGFZZOZRHP-UHFFFAOYSA-N,5.034188270568848,0.0
Q6YMS5,XPIJWUTXQAGSLK-UHFFFAOYSA-N,4.692235946655273,0.0
Q6YMS5,FGBGXESDYFKUFX-UHFFFAOYSA-N,7.017633438110352,0.0
Q6YMS5,UHTHHESEBZOYNR-UHFFFAOYSA-N,5.242584228515625,0.0
Q6YMS5,NFEZZTICAUWDHU-RDTXWAMCSA-N,6.291818618774414,0.0
Q6YMS5,VMDWTZZCNDEKIO-CBNJBKGYSA-N,6.2925262451171875,0.0
Q6YMS5,LDEKQSIMHVQZJK-CAQYMETFSA-N,5.696123123168945,0.0
Q6YMS5,CYXKNKQEMFBLER-UHFFFAOYSA-N,5.286096096038818,0.0
Q6YMS5,LKCWBDHBTVXHDL-RMDFUYIESA-N,4.744675636291504,0.0
Q6YMS5,ACWZRVQXLIRSDF-UHFFFAOYSA-N,5.05589485168457,0.0
Q6YMS5,HSQAARMBHJCUOK-UHFFFAOYSA-N,5.397943496704102,0.0
Q6YMS5,GWVJLVHNKMLXRM-RPWUZVMVSA-N,6.283596038818359,0.0
Q6YMS5,XDUOTWNXVDBCDY-VOTSOKGWSA-N,5.136447906494141,0.0
Q6YMS5,HZCWPKGYTCJSEB-UHFFFAOYSA-N,5.001277923583984,0.0
Q6YMS5,JAHDAIPFBPPQHQ-GDLZYMKVSA-N,6.286678314208984,0.0
Q6YMS5,KQXDHUJYNAXLNZ-XQSDOZFQSA-N,5.210005760192871,0.0
Q6YMS5,RADMJHVVIZTENA-UHFFFAOYSA-N,4.972169876098633,0.0
Q6YMS5,SJFBTAPEPRWNKH-CCKFTAQKSA-N,5.206854820251465,0.0
Q6YMS5,AKLMUGFDGONMAA-UHFFFAOYSA-N,6.922961235046387,0.0
Q6YMS5,ZFVRYNYOPQZKDG-UHFFFAOYSA-N,4.9404706954956055,0.0
Q6YMS5,RILWUTQZRXWBOB-GIDUJCDVSA-N,5.357094764709473,0.0
Q6YMS5,RVAQIUULWULRNW-UHFFFAOYSA-N,4.583740234375,0.0
Q6YMS5,UPALIKSFLSVKIS-UHFFFAOYSA-N,5.742868900299072,0.0
Q6YMS5,FASLTMSUPQDLIB-MHZLTWQESA-N,5.417363166809082,0.0
Q6YMS5,HRJWTAWVFDCTGO-UHFFFAOYSA-N,5.745802402496338,0.0
Q6YMS5,MCMSJVMUSBZUCN-UHFFFAOYSA-N,5.578086853027344,0.0
Q6YMS5,DKVNAGXPRSYHLB-UHFFFAOYSA-N,4.54489803314209,0.0
Q6YMS5,YMVWGSQGCWCDGW-UHFFFAOYSA-N,4.63071870803833,0.0
Q6YMS5,OEKXCVYZBVOWBR-BQYQJAHWSA-N,5.725683212280273,0.0
Q6YMS5,ZAJXXUDARPGGOC-UHFFFAOYSA-N,5.553269863128662,0.0
Q6YMS5,SEDUMQWZEOMXSO-UHFFFAOYSA-N,5.396001815795898,0.0
Q6YMS5,IJTPLVAAROHGGB-UHFFFAOYSA-N,4.814382553100586,0.0
Q6YMS5,KJEBULYHNRNJTE-DHZHZOJOSA-N,4.4379777908325195,0.0
Q6YMS5,DLPIYBKBHMZCJI-WBVHZDCISA-N,5.93498420715332,0.0
Q6YMS5,UWJUQVWARXYRCG-HIFRSBDPSA-N,6.318055152893066,0.0
Q6YMS5,CDOOFZZILLRUQH-GDLZYMKVSA-N,6.518865585327148,0.0
Q6YMS5,FLSUCZWOEMTFAQ-PRBGKLEPSA-N,4.524466037750244,0.0
Q6YMS5,JLPYLHLUHJOPNL-UHFFFAOYSA-N,4.853973865509033,0.0
Q6YMS5,ZCOLJUOHXJRHDI-CMWLGVBASA-N,4.629911422729492,0.0
Q6YMS5,LITNEAPWQHVPOK-FFSVYQOJSA-N,4.747623443603516,0.0
Q6YMS5,XUKUURHRXDUEBC-KAYWLYCHSA-N,5.278812408447266,0.0
Q6YMS5,XBJBPGROQZJDOJ-UHFFFAOYSA-N,7.257696151733398,0.0
Q6YMS5,WDDPHFBMKLOVOX-AYQXTPAHSA-N,5.5202789306640625,0.0
Q6YMS5,DBRXOUCRJQVYJQ-CKNDUULBSA-N,4.751359939575195,0.0
Q6YMS5,NSYZCCDSJNWWJL-YXOIYICCSA-N,5.023899078369141,0.0
Q6YMS5,ULGZDMOVFRHVEP-RWJQBGPGSA-N,4.966540336608887,0.0
Q6YMS5,ZDZOTLJHXYCWBA-VCVYQWHSSA-N,5.487939357757568,0.0
Q6YMS5,XFCLJVABOIYOMF-QPLCGJKRSA-N,5.255912780761719,0.0
Q6YMS5,KSOVGRCOLZZTPF-QMKUDKLTSA-N,7.474555969238281,0.0
Q6YMS5,VOJLELRQLPENHL-UHFFFAOYSA-N,4.5843186378479,0.0
Q6YMS5,ONJQDTZCDSESIW-UHFFFAOYSA-N,6.16512393951416,0.0
Q6YMS5,AIUJHENHBJHHMY-UHFFFAOYSA-N,6.482785224914551,0.0
Q6YMS5,MNABRWLVTSGIMU-FQEVSTJZSA-N,4.455461502075195,0.0
Q6YMS5,QZUCKCLSVBFSOS-INIZCTEOSA-N,5.1167707443237305,0.0
Q6YMS5,ONKUMRGIYFNPJW-KIEAKMPYSA-N,5.709475517272949,0.0
Q6YMS5,GDCJHDUWWAKBIW-UHFFFAOYSA-N,5.480067253112793,0.0
Q6YMS5,BMGQWWVMWDBQGC-IIFHNQTCSA-N,5.221219062805176,0.0
Q6YMS5,MAYQIFVKVAUMPD-UHFFFAOYSA-N,5.4840617179870605,0.0
Q6YMS5,YNCLPFSAZFGQCD-UHFFFAOYSA-N,4.6726393699646,0.0
Q6YMS5,JPOJKNJIKXMZRB-UHFFFAOYSA-N,4.991341590881348,0.0
Q6YMS5,XPPBBJCBDOEXDN-UHFFFAOYSA-N,6.439220428466797,0.0
Q6YMS5,GMIZZEXBPRLVIV-UHFFFAOYSA-N,6.781338691711426,0.0
Q6YMS5,OLCWFLWEHWLBTO-HSZRJFAPSA-N,7.9165754318237305,0.0
Q6YMS5,OJSFTALXCYKKFQ-YLJYHZDGSA-N,4.878236293792725,0.0
Q6YMS5,NOIIUHRQUVNIDD-UHFFFAOYSA-N,5.274499416351318,0.0
Q6YMS5,NAMOLZVVTPNNTE-UHFFFAOYSA-N,6.1060638427734375,0.0
Q6YMS5,PZFAZQUREQIODZ-LJQANCHMSA-N,5.603087425231934,0.0
Q6YMS5,WHTVZRBIWZFKQO-UHFFFAOYSA-N,4.207480430603027,0.0
Q6YMS5,DGWUVKLBXCWNTA-UHFFFAOYSA-N,6.06273078918457,0.0
Q6YMS5,WXJFKKQWPMNTIM-VWLOTQADSA-N,4.780885696411133,0.0
Q6YMS5,RDALZZCKQFLGJP-UHFFFAOYSA-N,6.561912536621094,0.0
Q6YMS5,GFUITADOEPNRML-SJORKVTESA-N,4.927006244659424,0.0
Q6YMS5,GBABOYUKABKIAF-IELIFDKJSA-N,6.774466514587402,0.0
Q6YMS5,BGJMKHPWCFXMOW-UHFFFAOYSA-N,5.438641548156738,0.0
Q6YMS5,DBESQBZOXMCXPV-UHFFFAOYSA-N,5.421372890472412,0.0
Q6YMS5,RYYVLZVUVIJVGH-UHFFFAOYSA-N,5.148069381713867,0.0
Q6YMS5,ZAKKEARLDPTRLX-UHFFFAOYSA-N,5.178600788116455,0.0
Q6YMS5,IFWMVQUGSGWCRP-UHFFFAOYSA-N,5.142725944519043,0.0
Q6YMS5,RYYNGWLOYLRZLK-RBUKOAKNSA-N,6.352848052978516,0.0
Q6YMS5,IBEANEPZNLVRRY-RCZVLFRGSA-N,4.934370994567871,0.0
Q6YMS5,XQCGNURMLWFQJR-ZNDDOCHDSA-N,4.696828365325928,0.0
Q6YMS5,JLPDBLFIVFSOCC-XYXFTTADSA-N,4.726319313049316,0.0
Q6YMS5,VNIWZCGZPBJWBI-UHFFFAOYSA-N,8.432212829589844,0.0
Q6YMS5,KRVMLPUDAOWOGN-UHFFFAOYSA-N,6.529224395751953,0.0
Q6YMS5,WSEKTEUGRLFBSE-UHFFFAOYSA-N,6.700617790222168,0.0
Q6YMS5,RUXPNBWPIRDVTH-UHFFFAOYSA-N,4.339951515197754,0.0
Q6YMS5,HOGVTUZUJGHKPL-HTVVRFAVSA-N,7.353885650634766,0.0
Q6YMS5,MSCWLMXCFHMGMN-SHUXQVCQSA-N,5.510532379150391,0.0
Q6YMS5,YRYJJIXWWQLGGV-ZWKOTPCHSA-N,5.157867431640625,0.0
Q6YMS5,YYACLQUDUDXAPA-MRXNPFEDSA-N,5.5534772872924805,0.0
Q6YMS5,OCAPBUJLXMYKEJ-UHFFFAOYSA-N,4.920327186584473,0.0
Q6YMS5,XEDWWPGWIXPVRQ-UHFFFAOYSA-N,5.358818054199219,0.0
Q6YMS5,PNUZDKCDAWUEGK-CYZMBNFOSA-N,5.657614707946777,0.0
Q6YMS5,MDFXJBQEWLCGHP-MFOYZWKCSA-N,4.473686695098877,0.0
Q6YMS5,DXDRHHKMWQZJHT-FPYGCLRLSA-N,4.6287384033203125,0.0
Q6YMS5,AGOYDEPGAOXOCK-KCBOHYOISA-N,4.837656021118164,0.0
Q6YMS5,CWHUFRVAEUJCEF-UHFFFAOYSA-N,6.877641677856445,0.0
Q6YMS5,VJXSSYDSOJBUAV-UHFFFAOYSA-N,5.6115570068359375,0.0
Q6YMS5,HKDLNTKNLJPAIY-WKWWZUSTSA-N,4.889147758483887,0.0
Q6YMS5,VGYFMXBACGZSIL-MCBHFWOFSA-N,6.240601539611816,0.0
Q6YMS5,DYVIEGCPUPGXOH-HGGPGNIHSA-N,5.276098251342773,0.0
Q6YMS5,AKUJBENLRBOFTD-QZIXMDIESA-N,4.669919490814209,0.0
Q6YMS5,QYQDKDWGWDOFFU-IUODEOHRSA-N,5.391061782836914,0.0
Q6YMS5,JLGWAGKPIWGUEH-OUKQBFOZSA-N,5.567692279815674,0.0
Q6YMS5,GXDALQBWZGODGZ-UHFFFAOYSA-N,6.439131736755371,0.0
Q6YMS5,WTPSHLVHJOJDIF-UHFFFAOYSA-N,6.626260757446289,0.0
Q6YMS5,RPWFJAMTCNSJKK-UHFFFAOYSA-N,6.079935073852539,0.0
Q6YMS5,SZQLTQPHXXXMNC-UHFFFAOYSA-N,6.626901626586914,0.0
Q6YMS5,GKIRPKYJQBWNGO-QPLCGJKRSA-N,6.0147294998168945,0.0
Q6YMS5,DLMNZGAILMQDHA-UHFFFAOYSA-N,5.302847862243652,0.0
Q6YMS5,KFHYZKCRXNRKRC-MRXNPFEDSA-N,5.174829483032227,0.0
Q6YMS5,MJIALGDLOLWBRQ-MRVPVSSYSA-N,5.1667633056640625,0.0
Q6YMS5,PMBHAWNZPPNADR-HNNXBMFYSA-N,4.705807685852051,0.0
Q6YMS5,MWOPHYKKEDTKAZ-HKBQPEDESA-N,5.408339500427246,0.0
Q6YMS5,VYKKDKFTDMVOBU-UHFFFAOYSA-N,5.433904647827148,0.0
Q6YMS5,XPSQPHWEGNHMSK-SECBINFHSA-N,5.41635799407959,0.0
Q6YMS5,YPHMISFOHDHNIV-FSZOTQKASA-N,5.1657633781433105,0.0
Q6YMS5,ISJRMOARTUIEPA-UHFFFAOYSA-N,5.545899868011475,0.0
Q6YMS5,OGSBUKJUDHAQEA-WMCAAGNKSA-N,4.905709266662598,0.0
Q6YMS5,JEGGQYICWGMXOZ-GMPMKFSHSA-N,5.625361442565918,0.0
Q6YMS5,FFTVPQUHLQBXQZ-KVUCHLLUSA-N,5.423128128051758,0.0
Q6YMS5,AXTAPYRUEKNRBA-JTQLQIEISA-N,7.466594696044922,0.0
Q6YMS5,WUBBRNOQWQTFEX-UHFFFAOYSA-N,5.415317535400391,0.0
Q6YMS5,WWCIFIOLOMCRET-UHFFFAOYSA-N,5.937220573425293,0.0
Q6YMS5,FNHKPVJBJVTLMP-UHFFFAOYSA-N,4.8355512619018555,0.0
Q6YMS5,CTPKSRZFJSJGML-UHFFFAOYSA-N,5.480009078979492,0.0
Q6YMS5,GQZQCROBCYNTMU-UHFFFAOYSA-N,4.888165473937988,0.0
Q6YMS5,XBPZXDSZHPDXQU-UHFFFAOYSA-N,5.120597839355469,0.0
Q6YMS5,NQPDXQQQCQDHHW-UHFFFAOYSA-N,6.324753761291504,0.0
Q6YMS5,ZBNZXTGUTAYRHI-UHFFFAOYSA-N,6.788824081420898,0.0
Q6YMS5,WIPRQKODGRKUEW-UHFFFAOYSA-N,5.637659072875977,0.0
Q6YMS5,CGGCTVKVZKTIME-JVVVGQRLSA-N,5.420228481292725,0.0
Q6YMS5,ACCFLVVUVBJNGT-AWEZNQCLSA-N,4.709640979766846,0.0
Q6YMS5,ZKIAIYBUSXZPLP-UHFFFAOYSA-N,5.495024681091309,0.0
Q6YMS5,VXYZBLXGCYNIHP-UHFFFAOYSA-N,4.83152961730957,0.0
Q6YMS5,QHMWCHQXCUNUAK-UHFFFAOYSA-N,5.552823066711426,0.0
Q6YMS5,GUBJNPWVIUFSTR-UHFFFAOYSA-N,5.139827728271484,0.0
Q6YMS5,GNMUEVRJHCWKTO-FQEVSTJZSA-N,5.257655143737793,0.0
Q6YMS5,YEOTYALSMRNXLJ-UHFFFAOYSA-N,4.472917556762695,0.0
Q6YMS5,WGOJWDWKHJHXSV-UHFFFAOYSA-N,6.418465614318848,0.0
Q6YMS5,XCPPIJCBCWUBNT-UHFFFAOYSA-N,5.4021382331848145,0.0
Q6YMS5,YJGVMLPVUAXIQN-HAEOHBJNSA-N,4.472718238830566,0.0
Q6YMS5,IYJMSDVSVHDVGT-PEQKVOOWSA-N,8.479841232299805,0.0
Q6YMS5,MJOGWNMYQLVUOU-UHFFFAOYSA-N,6.478532791137695,0.0
Q6YMS5,NYKPKXPWOWUPJV-UHFFFAOYSA-N,5.112180233001709,0.0
Q6YMS5,CUUCCLJJOWSASK-UHFFFAOYSA-N,4.913845062255859,0.0
Q6YMS5,DLGOEMSEDOSKAD-UHFFFAOYSA-N,5.212972640991211,0.0
Q6YMS5,WNJGLNJERJHPBY-XLPZGREQSA-P,5.818328857421875,0.0
Q6YMS5,VMJKUCKTXMESQR-UHFFFAOYSA-N,4.6300153732299805,0.0
Q6YMS5,GAOZTHIDHYLHMS-KEOBGNEYSA-N,5.0484747886657715,0.0
Q6YMS5,VDJHFHXMUKFKET-WDUFCVPESA-N,4.854515075683594,0.0
Q6YMS5,BAFWBNHYBAXTSE-FCHUYYIVSA-N,5.0970563888549805,0.0
Q6YMS5,BEUQXVWXFDOSAQ-UHFFFAOYSA-N,6.990429878234863,0.0
Q6YMS5,MHKAEITVUICXRN-BPGQXAFDSA-N,5.168184280395508,0.0
Q6YMS5,LJIUXAHLYIPHOK-UHFFFAOYSA-N,5.337075233459473,0.0
Q6YMS5,AKJHMTWEGVYYSE-FXILSDISSA-N,4.650058746337891,0.0
Q6YMS5,PQHLRGARXNPFCF-UHFFFAOYSA-N,4.594598770141602,0.0
Q6YMS5,KQOXLKOJHVFTRN-UHFFFAOYSA-N,4.820781707763672,0.0
Q6YMS5,IZZYUABKZYIINT-UHFFFAOYSA-N,5.749628067016602,0.0
Q6YMS5,OPQRBXUBWHDHPQ-UHFFFAOYSA-N,4.951231956481934,0.0
Q6YMS5,SWHNZGMQMGFQGW-MSOLQXFVSA-N,4.5106306076049805,0.0
Q6YMS5,LLVLMYRWABCVEU-UHFFFAOYSA-N,4.790447235107422,0.0
Q6YMS5,RCSLUNOLLUVOOG-NSHDSACASA-N,6.007546424865723,0.0
Q6YMS5,OVCDSSHSILBFBN-UHFFFAOYSA-N,5.577055931091309,0.0
Q6YMS5,LUPHOOKVGNVAFT-UHFFFAOYSA-N,5.805656433105469,0.0
Q6YMS5,UFICVEHDQUKCEA-UHFFFAOYSA-N,5.003693580627441,0.0
Q6YMS5,OBMJQRLIQQTJLR-USGQOSEYSA-N,5.34775972366333,0.0
Q6YMS5,GXQCVUZORDAARJ-UHFFFAOYSA-N,5.356969833374023,0.0
Q6YMS5,PMTSPAGBAFCORP-HBUONDEYSA-N,5.021632194519043,0.0
Q6YMS5,CBGUOGMQLZIXBE-XGQKBEPLSA-N,5.384553909301758,0.0
Q6YMS5,IPVFGAYTKQKGBM-BYPJNBLXSA-N,5.163478851318359,0.0
Q6YMS5,KRTIYQIPSAGSBP-KLAILNCOSA-N,6.143304824829102,0.0
Q6YMS5,HOKDBMAJZXIPGC-INIZCTEOSA-N,6.1574859619140625,0.0
Q6YMS5,SOROUYSPFADXSN-SUWVAFIASA-N,5.837085723876953,0.0
Q6YMS5,WRADPCFZZWXOTI-BMRADRMJSA-N,5.180139064788818,0.0
Q6YMS5,OJZYRQPMEIEQFC-UAWLTFRCSA-N,5.1843953132629395,0.0
Q6YMS5,DZMVCVMFETWNIU-LDYMZIIASA-N,4.780819892883301,0.0
Q6YMS5,RZLHGQLYNZQZQQ-UHFFFAOYSA-N,5.157976150512695,0.0
Q6YMS5,UJCYUJOQBXHJFH-ZBKNUEDVSA-N,4.950160026550293,0.0
Q6YMS5,UCPMSMNKGXUFCC-UHFFFAOYSA-N,5.552798271179199,0.0
Q6YMS5,HNIFCPBQMKPRCX-UHFFFAOYSA-N,7.049198150634766,0.0
Q6YMS5,VHRSUDSXCMQTMA-PJHHCJLFSA-N,4.838866233825684,0.0
Q6YMS5,IHOVFYSQUDPMCN-XAKVHENESA-N,5.015424728393555,0.0
Q6YMS5,YCBAQKQAINQRFW-UGSOOPFHSA-N,4.576631546020508,0.0
Q6YMS5,PLIVFNIUGLLCEK-UHFFFAOYSA-N,5.103991985321045,0.0
Q6YMS5,NOQBAJLIGCZEQP-CREOWZIVSA-N,6.441655158996582,0.0
Q6YMS5,LECZXZOBEZITCL-UHFFFAOYSA-N,5.637955188751221,0.0
Q6YMS5,OVSKGTONMLKNPZ-UHFFFAOYSA-N,4.948713302612305,0.0
Q6YMS5,OGHNVEJMJSYVRP-UHFFFAOYSA-N,5.907581329345703,0.0
Q6YMS5,DFBIRQPKNDILPW-CIVMWXNOSA-N,4.8098039627075195,0.0
Q6YMS5,SPFYMRJSYKOXGV-UHFFFAOYSA-N,7.509686470031738,0.0
Q6YMS5,VHVPQPYKVGDNFY-UHFFFAOYSA-N,7.457818031311035,0.0
Q6YMS5,BGLPECHZZQDNCD-UHFFFAOYSA-N,5.762474060058594,0.0
Q6YMS5,DZSMTMGGLVZZLW-UHFFFAOYSA-N,4.766119003295898,0.0
Q6YMS5,VRDIULHPQTYCLN-UHFFFAOYSA-N,6.49378776550293,0.0
Q6YMS5,SWFXMFDHMPMWMA-UHFFFAOYSA-N,6.450865745544434,0.0
Q6YMS5,GISXTRIGVCKQBX-UHFFFAOYSA-N,5.421424388885498,0.0
Q6YMS5,JHBWYQRKOUBPCA-UHFFFAOYSA-N,4.612606525421143,0.0
Q6YMS5,SZFPYBIJACMNJV-UHFFFAOYSA-N,5.329649925231934,0.0
Q6YMS5,WKDACQVEJIVHMZ-UHFFFAOYSA-N,5.3234782218933105,0.0
Q6YMS5,GBVQWZXJDIIUCC-UHFFFAOYSA-N,5.019974708557129,0.0
Q6YMS5,XBEDAMVJWVPVDS-UHFFFAOYSA-N,5.138917922973633,0.0
Q6YMS5,BLSQLHNBWJLIBQ-OZXSUGGESA-N,5.266840934753418,0.0
Q6YMS5,MZGQIBQVSJDWHM-UHFFFAOYSA-N,5.42855167388916,0.0
Q6YMS5,IXXFZUPTQVDPPK-ZAWHAJPISA-N,6.1746826171875,0.0
Q6YMS5,QXRUCDDVUMKOPI-UHFFFAOYSA-N,5.496474266052246,0.0
Q6YMS5,FIMYFEGKMOCQKT-UHFFFAOYSA-N,4.5353193283081055,0.0
Q6YMS5,JWNUBAIGCVTLMJ-UHFFFAOYSA-N,5.953883171081543,0.0
Q6YMS5,HOKDBMAJZXIPGC-UHFFFAOYSA-N,6.090886116027832,0.0
Q6YMS5,VKSPIPWLHGKJQO-UHFFFAOYSA-N,5.309470176696777,0.0
Q6YMS5,VFOKSTCIRGDTBR-UHFFFAOYSA-N,6.2305803298950195,0.0
Q6YMS5,OUKYUETWWIPKQR-UHFFFAOYSA-N,6.624881744384766,0.0
Q6YMS5,VWMJHAFYPMOMGF-ZCFIWIBFSA-N,6.840803146362305,0.0
Q6YMS5,LPMXVESGRSUGHW-HBYQJFLCSA-N,5.223487854003906,0.0
Q6YMS5,KPMDCTAAOGEIKO-UHFFFAOYSA-N,5.2065958976745605,0.0
Q6YMS5,GWWLWDURRGNSRS-UHFFFAOYSA-N,5.187187671661377,0.0
Q6YMS5,HSGZLFWXBIVLBD-LBPRGKRZSA-N,6.028390884399414,0.0
Q6YMS5,XKFTZKGMDDZMJI-HSZRJFAPSA-N,4.832223892211914,0.0
Q6YMS5,QAGYKUNXZHXKMR-HKWSIXNMSA-N,6.181479454040527,0.0
Q6YMS5,LPFWVDIFUFFKJU-UHFFFAOYSA-N,5.721630096435547,0.0
Q6YMS5,MLDQJTXFUGDVEO-UHFFFAOYSA-N,4.77711296081543,0.0
Q6YMS5,VRQXRVAKPDCRCI-ZNMIVQPWSA-N,5.671933174133301,0.0
Q6YMS5,DZMVCVHATYROOS-ZBFGKEHZSA-N,6.791240692138672,0.0
Q6YMS5,HTQMVQVXFRQIKW-UHFFFAOYSA-N,4.70206356048584,0.0
Q6YMS5,MHXVDXXARZCVRK-WCWDXBQESA-N,5.477298736572266,0.0
Q6YMS5,BLMPQMFVWMYDKT-NZTKNTHTSA-N,4.628556251525879,0.0
Q6YMS5,NERXPXBELDBEPZ-RMKNXTFCSA-N,5.94907283782959,0.0
Q6YMS5,NVSWJKWHLUTHLP-CPJSRVTESA-N,5.871677398681641,0.0
Q6YMS5,BBTFKAOFCSOZMB-UHFFFAOYSA-N,4.844836235046387,0.0
Q6YMS5,YDOIFHVUBCIUHF-UHFFFAOYSA-N,5.699477195739746,0.0
Q6YMS5,ZHAGGRWTJXROKV-HJOGWXRNSA-N,4.606806755065918,0.0
Q6YMS5,HMJIYCCIJYRONP-UHFFFAOYSA-N,5.151440620422363,0.0
Q6YMS5,FONCZICQWCUXEB-RUZDIDTESA-N,5.175786018371582,0.0
Q6YMS5,AYOUDDAETNMCBW-GSHUGGBRSA-N,6.433009147644043,0.0
Q6YMS5,DBQMQBCSKXTCIJ-UHFFFAOYSA-N,5.545099258422852,0.0
Q6YMS5,PCHKPVIQAHNQLW-CQSZACIVSA-N,6.677996635437012,0.0
Q6YMS5,VHOGYURTWQBHIL-UHFFFAOYSA-N,5.4360527992248535,0.0
Q6YMS5,VJYKVCURWJGLPG-IQZGDKDPSA-N,4.418948173522949,0.0
Q6YMS5,RANJJVIMTOIWIN-UHFFFAOYSA-N,5.6898064613342285,0.0
Q6YMS5,YBHILYKTIRIUTE-UHFFFAOYSA-N,4.725098609924316,0.0
Q6YMS5,ZHOWHMXTJFZXRB-UHFFFAOYSA-N,5.5811262130737305,0.0
Q6YMS5,PKZCOQYQGMAVLN-UHFFFAOYSA-N,5.448371410369873,0.0
Q6YMS5,BHXLLRXDAYEMPP-SBGRAJFYSA-N,5.226762771606445,0.0
Q6YMS5,BDSYKGHYMJNPAB-LICBFIPMSA-N,4.6633687019348145,0.0
Q6YMS5,XRVJPLDTMUSSDE-UHFFFAOYSA-N,6.24606990814209,0.0
Q6YMS5,FJEJHJINOKKDCW-INIZCTEOSA-N,4.896060943603516,0.0
Q6YMS5,CTAHRHRYCPEDSR-UHFFFAOYSA-N,7.741772651672363,0.0
Q6YMS5,CEGSUKYESLWKJP-UHFFFAOYSA-N,5.78193473815918,0.0
Q6YMS5,QHMBSVQNZZTUGM-ZWKOTPCHSA-N,8.144091606140137,0.0
Q6YMS5,SKYPQEVVXGJKIJ-NSHDSACASA-N,5.0089616775512695,0.0
Q6YMS5,XUOAKFNMJMYKBY-UHFFFAOYSA-N,5.54664945602417,0.0
Q6YMS5,RCJYGWGQCPDYSL-HZPDHXFCSA-N,5.321186542510986,0.0
Q6YMS5,XQVVPGYIWAGRNI-JOCHJYFZSA-N,6.402066230773926,0.0
Q6YMS5,RDQSNNMSDOHAPG-UHFFFAOYSA-N,6.770949363708496,0.0
Q6YMS5,XDLYKKIQACFMJG-UHFFFAOYSA-N,7.3838090896606445,0.0
Q6YMS5,NUZMJDHDPVKFJN-TYDXHICZSA-N,4.952622413635254,0.0
Q6YMS5,QTBWCSQGBMPECM-UHFFFAOYSA-N,6.795577049255371,0.0
Q6YMS5,ZOBDWFRKFSPCRB-UNMCSNQZSA-N,5.42807149887085,0.0
Q6YMS5,KTEXNACQROZXEV-PVLRGYAZSA-N,5.542397499084473,0.0
Q6YMS5,ARAIBEBZBOPLMB-UFGQHTETSA-N,7.7777814865112305,0.0
Q6YMS5,YBHNZQJIFKDDHM-UHFFFAOYSA-N,5.421565055847168,0.0
Q6YMS5,UTDAKQMBNSHJJB-CJLVFECKSA-N,5.504020690917969,0.0
Q6YMS5,ZBIAKUMOEKILTF-UHFFFAOYSA-N,5.455957412719727,0.0
Q6YMS5,XZNUGFQTQHRASN-XQENGBIVSA-N,4.830982685089111,0.0
Q6YMS5,WAEXFXRVDQXREF-UHFFFAOYSA-N,6.106924057006836,0.0
Q6YMS5,KGSXMPPBFPAXLY-UHFFFAOYSA-N,5.5760979652404785,0.0
Q6YMS5,PFWVGKROPKKEDW-UHFFFAOYSA-N,7.3879804611206055,0.0
Q6YMS5,WPTTVJLTNAWYAO-KPOXMGGZSA-N,5.00618839263916,0.0
Q6YMS5,RUZYUOTYCVRMRZ-UHFFFAOYSA-N,4.404097557067871,0.0
Q6YMS5,JPTSIWRGXIZEOO-UHFFFAOYSA-N,5.188900947570801,0.0
Q6YMS5,NZHMAQSCHUSSSJ-UHFFFAOYSA-N,5.333324909210205,0.0
Q6YMS5,GWRSATNRNFYMDI-UHFFFAOYSA-N,5.963522911071777,0.0
Q6YMS5,XVAPNQFQPDAROQ-CAPSWCROSA-N,5.851273059844971,0.0
Q6YMS5,YSXKPIUOCJLQIE-UHFFFAOYSA-N,5.187350273132324,0.0
Q6YMS5,RAGOYPUPXAKGKH-XAKZXMRKSA-N,6.337636947631836,0.0
Q6YMS5,UFPFGVNKHCLJJO-SSKFGXFMSA-N,6.568547248840332,0.0
Q6YMS5,VVBFISAUNSXQGZ-UHFFFAOYSA-N,6.378818511962891,0.0
Q6YMS5,YOSHYTLCDANDAN-UHFFFAOYSA-N,5.896583557128906,0.0
Q6YMS5,WTSKMKRYHATLLL-UHFFFAOYSA-N,5.110297203063965,0.0
Q6YMS5,JFIWEPHGRUDAJN-DYUFWOLASA-N,5.1030426025390625,0.0
Q6YMS5,PIMQWRZWLQKKBJ-SFHVURJKSA-N,7.651993751525879,0.0
Q6YMS5,RXWNCPJZOCPEPQ-NVWDDTSBSA-N,5.301640510559082,0.0
Q6YMS5,HOBAELRKJCKHQD-QNEBEIHSSA-N,4.634064674377441,0.0
Q6YMS5,QSPOQCXMGPDIHI-UHFFFAOYSA-N,5.114558219909668,0.0
Q6YMS5,OLNTVTPDXPETLC-XPWALMASSA-N,7.149284362792969,0.0
Q6YMS5,KAKPGJJRYRYSTP-UHFFFAOYSA-N,6.404841423034668,0.0
Q6YMS5,FBSKJMQYURKNSU-ZLSOWSIRSA-N,5.619619369506836,0.0
Q6YMS5,XPEXCFSBFPOSQR-UHFFFAOYSA-N,6.2510223388671875,0.0
Q6YMS5,JYVIMETTWDHLFH-UHFFFAOYSA-N,5.106673240661621,0.0
Q6YMS5,LGFLRHWJJKLPCC-ZDUSSCGKSA-N,5.656339645385742,0.0
Q6YMS5,ACWBQPMHZXGDFX-QFIPXVFZSA-N,5.799795627593994,0.0
Q6YMS5,YYLKOELWSMRYHV-VXLYETTFSA-N,5.529409408569336,0.0
Q6YMS5,FAYAUAZLLLJJGH-UHFFFAOYSA-N,5.766594886779785,0.0
Q6YMS5,FLSUCZWOEMTFAQ-JNCILSLHSA-N,4.534942626953125,0.0
Q6YMS5,ZRJBHWIHUMBLCN-YQEJDHNASA-N,5.404664039611816,0.0
Q6YMS5,VAOCPAMSLUNLGC-UHFFFAOYSA-N,4.974972724914551,0.0
Q6YMS5,MXAYKZJJDUDWDS-LBPRGKRZSA-N,5.3344316482543945,0.0
Q6YMS5,DNTVJEMGHBIUMW-IBGZPJMESA-N,5.926459312438965,0.0
Q6YMS5,NGFFVZQXSRKHBM-FKBYEOEOSA-N,5.903897285461426,0.0
Q6YMS5,UREBDLICKHMUKA-CXSFZGCWSA-N,4.436733722686768,0.0
Q6YMS5,ODUBEYQKYAQFNS-UHFFFAOYSA-N,5.53521203994751,0.0
Q6YMS5,LGGDLPSXAGQFSG-UHFFFAOYSA-N,5.262252330780029,0.0
Q6YMS5,XRYJULCDUUATMC-CYBMUJFWSA-N,5.521834373474121,0.0
Q6YMS5,AMXGKMSRYLZAEO-UHFFFAOYSA-N,4.566201686859131,0.0
Q6YMS5,BSJMWHQBCZFXBR-UHFFFAOYSA-N,4.831631660461426,0.0
Q6YMS5,NDEXUOWTGYUVGA-LJQANCHMSA-N,5.785004615783691,0.0
Q6YMS5,SRVFFFJZQVENJC-IHRRRGAJSA-N,4.530019760131836,0.0
Q6YMS5,POXUJOYUVLWPQN-UHFFFAOYSA-N,5.4222211837768555,0.0
Q6YMS5,GPKJTRJOBQGKQK-UHFFFAOYSA-N,5.29276180267334,0.0
Q6YMS5,PHEDXBVPIONUQT-RGYGYFBISA-N,4.441527366638184,0.0
Q6YMS5,DBOUGBAQLIXZLV-UHFFFAOYSA-N,6.51701545715332,0.0
Q6YMS5,KYLOBHXXQOZRKK-YIONKMFJSA-N,5.584503650665283,0.0
Q6YMS5,LDYMIBZOCSHLBG-QGTPRVQTSA-N,5.938603401184082,0.0
Q6YMS5,CPTBDICYNRMXFX-UHFFFAOYSA-N,4.69976806640625,0.0
Q6YMS5,ZVZRDFTXNAZBOX-UWVGGRQHSA-N,4.8221893310546875,0.0
Q6YMS5,DWDKHTXMLSZGDL-SSEXGKCCSA-N,4.919511795043945,0.0
Q6YMS5,UXAWFWFJXIANHZ-UHFFFAOYSA-N,4.965344429016113,0.0
Q6YMS5,APQPVVOYBLOJDY-UHFFFAOYSA-N,4.985689640045166,0.0
Q6YMS5,NFRPNQDSKJJQGV-UHFFFAOYSA-N,5.610509872436523,0.0
Q6YMS5,OCUQMWSIGPQEMX-UHFFFAOYSA-N,5.7126145362854,0.0
Q6YMS5,ACGUYXCXAPNIKK-UHFFFAOYSA-N,5.348965167999268,0.0
Q6YMS5,JTEGQNOMFQHVDC-NKWVEPMBSA-N,6.625953674316406,0.0
Q6YMS5,QBKSWRVVCFFDOT-UHFFFAOYSA-N,6.947811126708984,0.0
Q6YMS5,NPGNOVNWUSPMDP-HLLBOEOZSA-N,5.142425537109375,0.0
Q6YMS5,YTAOBBFIOAEMLL-REQDGWNSSA-N,5.086803913116455,0.0
Q6YMS5,MHJBZVSGOZTKRH-IZHYLOQSSA-N,5.316928386688232,0.0
Q6YMS5,KIVUHCNVDWYUNP-UHFFFAOYSA-N,4.895947456359863,0.0
Q6YMS5,IDYKCXHJJGMAEV-RRKCRQDMSA-N,5.154438018798828,0.0
Q6YMS5,FJHBVJOVLFPMQE-QFIPXVFZSA-N,5.200334548950195,0.0
Q6YMS5,ANEBWFXPVPTEET-UHFFFAOYSA-N,4.448183536529541,0.0
Q6YMS5,DKULOVKANLVDEA-UHFFFAOYSA-N,5.092434406280518,0.0
Q6YMS5,GUGOEEXESWIERI-UHFFFAOYSA-N,5.084372043609619,0.0
Q6YMS5,NMUSYJAQQFHJEW-KVTDHHQDSA-N,6.672492027282715,0.0
Q6YMS5,OQBORDVFGPUGDV-UHFFFAOYSA-N,5.239438056945801,0.0
Q6YMS5,WLGIWVFFGMPRLM-SLHNCBLASA-N,5.466785430908203,0.0
Q6YMS5,RVFGKBWWUQOIOU-NDEPHWFRSA-N,6.201953887939453,0.0
Q6YMS5,ZHFIAFNZGWCLHU-YPMHNXCESA-N,5.659875869750977,0.0
Q6YMS5,XEAOPVUAMONVLA-QGZVFWFLSA-N,7.522846221923828,0.0
Q6YMS5,JUSFANSTBFGBAF-IRXDYDNUSA-N,5.193138599395752,0.0
Q6YMS5,QJFSABGVXDWMIW-UHFFFAOYSA-N,5.5866899490356445,0.0
Q6YMS5,ZBJBRUSGEJORQL-UHFFFAOYSA-N,5.078489303588867,0.0
Q6YMS5,MAUCONCHVWBMHK-UHFFFAOYSA-N,6.135514259338379,0.0
Q6YMS5,WDVSHHCDHLJJJR-UHFFFAOYSA-N,5.351290702819824,0.0
Q6YMS5,BATCTBJIJJEPHM-UHFFFAOYSA-N,5.597037315368652,0.0
Q6YMS5,UEMLYRZWLVXWRU-UHFFFAOYSA-N,5.787020206451416,0.0
Q6YMS5,GMJWAIMJHBTYPD-UHFFFAOYSA-N,5.990079879760742,0.0
Q6YMS5,HDOVUKNUBWVHOX-QMMMGPOBSA-N,5.704495429992676,0.0
Q6YMS5,URWAJWIAIPFPJE-YFMIWBNJSA-N,5.46354866027832,0.0
Q6YMS5,UIAGMCDKSXEBJQ-UHFFFAOYSA-N,4.937140941619873,0.0
Q6YMS5,UIEATEWHFDRYRU-UHFFFAOYSA-N,5.17803430557251,0.0
Q6YMS5,QUHARGDBJJUOEB-UHFFFAOYSA-N,6.240243911743164,0.0
Q6YMS5,MJIHNNLFOKEZEW-UHFFFAOYSA-N,6.962409019470215,0.0
Q6YMS5,KXMAIWXPZGQNCR-QGZVFWFLSA-N,5.602118492126465,0.0
Q6YMS5,PTOAARAWEBMLNO-KVQBGUIXSA-N,5.317562103271484,0.0
Q6YMS5,JXJPYHDHJZJWRI-UHFFFAOYSA-N,5.89811897277832,0.0
Q6YMS5,QWLNINWUBHHOLU-UHFFFAOYSA-N,8.008331298828125,0.0
Q6YMS5,SCAGLYMBBLMFND-UHFFFAOYSA-N,7.235413551330566,0.0
Q6YMS5,KVHRYLNQDWXAGI-UHFFFAOYSA-N,5.218554973602295,0.0
Q6YMS5,AQASRZOCERRGBL-ROJLCIKYSA-N,6.207531929016113,0.0
Q6YMS5,ORVNHOYNEHYKJG-UHFFFAOYSA-N,5.008874893188477,0.0
Q6YMS5,IQIBKLWBVJPOQO-UHFFFAOYSA-N,4.997855186462402,0.0
Q6YMS5,XESARGFCSKSFID-FLLFQEBCSA-N,4.938173294067383,0.0
Q6YMS5,RJIWZDNTCBHXAL-UHFFFAOYSA-N,5.23578405380249,0.0
Q6YMS5,NCUCGYYHUFIYNU-UHFFFAOYSA-N,4.701788902282715,0.0
Q6YMS5,VFCRSIORGUNNGT-UHFFFAOYSA-N,4.651148319244385,0.0
Q6YMS5,AUVVAXYIELKVAI-CKBKHPSWSA-N,7.551959991455078,0.0
Q6YMS5,VRHOBXXCNBZJRX-IBGZPJMESA-N,5.337009429931641,0.0
Q6YMS5,CVASBKDYSQKLSO-UHFFFAOYSA-N,5.902205467224121,0.0
Q6YMS5,CVBWTNHDKVVFMI-LBPRGKRZSA-N,4.655331134796143,0.0
Q6YMS5,KTEIFNKAUNYNJU-GFCCVEGCSA-N,6.317655563354492,0.0
Q6YMS5,HAYYBYPASCDWEQ-UHFFFAOYSA-N,7.839824676513672,0.0
Q6YMS5,RUEYEZADQJCKGV-UHFFFAOYSA-N,4.439569473266602,0.0
Q6YMS5,LACIBZRFAYFTOV-UHFFFAOYSA-N,7.265803337097168,0.0
Q6YMS5,LOLPPWBBNUVNQZ-UHFFFAOYSA-N,5.560300827026367,0.0
Q6YMS5,CBQJSKKFNMDLON-UHFFFAOYSA-N,6.055944442749023,0.0
Q6YMS5,ODJLBQGVINUMMR-HZXDTFASSA-N,5.7827301025390625,0.0
Q6YMS5,RYBOXBBYCVOYNO-UHFFFAOYSA-N,6.9851789474487305,0.0
Q6YMS5,JTZZSQYMACOLNN-VDWJNHBNSA-N,8.407464027404785,0.0
Q6YMS5,NOMSFNRBXCWAIE-UHFFFAOYSA-N,7.387449264526367,0.0
Q6YMS5,RGCVKNLCSQQDEP-UHFFFAOYSA-N,5.8128662109375,0.0
Q6YMS5,WIKYUJGCLQQFNW-UHFFFAOYSA-N,5.805113315582275,0.0
Q6YMS5,IKKXOSBHLYMWAE-QRPMWFLTSA-N,5.673504829406738,0.0
Q6YMS5,AMEWZCMTSIONOX-UHFFFAOYSA-N,6.542381286621094,0.0
Q6YMS5,BQSJTQLCZDPROO-UHFFFAOYSA-N,4.426782131195068,0.0
Q6YMS5,XPRDUGXOWVXZLL-UHFFFAOYSA-N,5.117081642150879,0.0
Q6YMS5,GYCPCOJTCINIFZ-UHFFFAOYSA-N,6.190000534057617,0.0
Q6YMS5,GBOQUHPYCRYKGV-UHFFFAOYSA-N,6.738986968994141,0.0
Q6YMS5,JIVPVXMEBJLZRO-UHFFFAOYSA-N,5.332015037536621,0.0
Q6YMS5,ZCGNOVWYSGBHAU-UHFFFAOYSA-N,5.1490325927734375,0.0
Q6YMS5,GYNNRVJJLAVVTQ-UHFFFAOYSA-N,5.415461540222168,0.0
Q6YMS5,MWULMTACIBZPGN-UHFFFAOYSA-N,5.675255298614502,0.0
Q6YMS5,MTUYOFGUEXWKLC-UHFFFAOYSA-N,6.021122932434082,0.0
Q6YMS5,JXLYSJRDGCGARV-XQKSVPLYSA-N,5.560214042663574,0.0
Q6YMS5,JOGKUKXHTYWRGZ-UHFFFAOYSA-N,6.30496883392334,0.0
Q6YMS5,NGGMYCMLYOUNGM-CSDLUJIJSA-N,5.615400314331055,0.0
Q6YMS5,IBTISPLPBBHVSU-UVOOVGFISA-N,5.104301929473877,0.0
Q6YMS5,GPTURHKXTUDRPC-UHFFFAOYSA-N,5.090393543243408,0.0
Q6YMS5,ZDXUKAKRHYTAKV-UHFFFAOYSA-N,5.223105430603027,0.0
Q6YMS5,RWZVMMQNDHPRQD-SFTDATJTSA-N,7.453525543212891,0.0
Q6YMS5,LIRYPHYGHXZJBZ-UHFFFAOYSA-N,6.989521026611328,0.0
Q6YMS5,AILRADAXUVEEIR-UHFFFAOYSA-N,5.310271263122559,0.0
Q6YMS5,ZESFDAKNYJQYKO-UHFFFAOYSA-N,4.447474479675293,0.0
Q6YMS5,PHJVBZVDUNTGNR-HSZRJFAPSA-N,5.69449520111084,0.0
Q6YMS5,QRPSQQUYPMFERG-LFYBBSHMSA-N,5.829029083251953,0.0
Q6YMS5,VVRREURVTJNTQQ-UHFFFAOYSA-N,5.804276466369629,0.0
Q6YMS5,RVTSXVZXEGFIPW-UHFFFAOYSA-N,4.725295543670654,0.0
Q6YMS5,NZHGWWWHIYHZNX-CSKARUKUSA-N,6.210431098937988,0.0
Q6YMS5,FJLRGFADCXTJNV-CAWMZFRYSA-N,5.1468658447265625,0.0
Q6YMS5,VJKZUTFFMNSTTD-UHFFFAOYSA-N,5.534210205078125,0.0
Q6YMS5,SXNJFOWDRLKDSF-XKHVUIRMSA-N,5.5960235595703125,0.0
Q6YMS5,JKDLOGLNPDVUCX-UHFFFAOYSA-N,6.101038932800293,0.0
Q6YMS5,YJGVMLPVUAXIQN-XVVDYKMHSA-N,4.472718238830566,0.0
Q6YMS5,PWHNTOQANLCTHN-KRWDZBQOSA-N,5.786552906036377,0.0
Q6YMS5,RWEVIPRMPFNTLO-UHFFFAOYSA-N,5.525580406188965,0.0
Q6YMS5,NXQGEDVQXVTCDA-UHFFFAOYSA-N,4.88761043548584,0.0
Q6YMS5,GVKXFVCXBFGBCD-QKDMMWSPSA-N,6.073917388916016,0.0
Q6YMS5,DUYJMQONPNNFPI-UHFFFAOYSA-N,7.340320587158203,0.0
Q6YMS5,QTNZYVAMNRDUAD-UHFFFAOYSA-N,4.993537902832031,0.0
Q6YMS5,IOMMMLWIABWRKL-WUTDNEBXSA-N,5.906620025634766,0.0
Q6YMS5,GUOQUXNJZHGPQF-UHFFFAOYSA-N,5.047040939331055,0.0
Q6YMS5,VRQMAABPASPXMW-HDICACEKSA-N,5.820201873779297,0.0
Q6YMS5,HWGQMRYQVZSGDQ-HZPDHXFCSA-N,7.137259483337402,0.0
Q6YMS5,ZDRFDHHANOYUTE-IOSLPCCCSA-N,4.840998649597168,0.0
Q6YMS5,OGWKCGZFUXNPDA-XQKSVPLYSA-N,6.7536163330078125,0.0
Q6YMS5,SRVJKTDHMYAMHA-WUXMJOGZSA-N,4.776075839996338,0.0
Q6YMS5,LLYYNOVSVPBRGV-MVNKZKPCSA-N,5.282550811767578,0.0
Q6YMS5,SGOIRFVFHAKUTI-ZCFIWIBFSA-N,6.101131439208984,0.0
Q6YMS5,QGZYDVAGYRLSKP-UHFFFAOYSA-N,5.614924430847168,0.0
Q6YMS5,ARFHIAQFJWUCFH-IZZDOVSWSA-N,5.3264594078063965,0.0
Q6YMS5,GCIKSSRWRFVXBI-UHFFFAOYSA-N,5.632325172424316,0.0
Q6YMS5,QSTYMRMEJNQSJW-FQEVSTJZSA-N,7.005219459533691,0.0
Q6YMS5,PIDANAQULIKBQS-RNUIGHNZSA-N,4.808296203613281,0.0
Q6YMS5,BNVPFDRNGHMRJS-UHFFFAOYSA-N,6.194581985473633,0.0
Q6YMS5,XFILPEOLDIKJHX-QYZOEREBSA-N,5.107704162597656,0.0
Q6YMS5,BDXXSFOJPYSYOC-UHFFFAOYSA-N,5.958860397338867,0.0
Q6YMS5,PXBZKHOQHTVCSQ-QZTJIDSGSA-N,5.377662658691406,0.0
Q6YMS5,ZCTJIMXXSXQXRI-KYJUHHDHSA-N,4.391077041625977,0.0
Q6YMS5,DADASRPKWOGKCU-IHKPOXLFSA-N,8.023842811584473,0.0
Q6YMS5,LMBWSYZSUOEYSN-UHFFFAOYSA-N,5.869811058044434,0.0
Q6YMS5,FVZJIAUYFDQQKJ-DQEYMECFSA-N,4.800044536590576,0.0
Q6YMS5,LILGMDXLRPEBNH-HFZDXXHNSA-N,6.563627243041992,0.0
Q6YMS5,CFOOTBBXHJHHMT-UHFFFAOYSA-N,5.627742767333984,0.0
Q6YMS5,XEZLBMHDUXSICI-UHFFFAOYSA-N,5.296044826507568,0.0
Q6YMS5,SJHLKUDCBZZUEE-DHIUTWEWSA-N,5.534174919128418,0.0
Q6YMS5,CZCHIEJNWPNBDE-UHFFFAOYSA-N,4.85813045501709,0.0
Q6YMS5,AAFJXZWCNVJTMK-GUCUJZIJSA-N,5.146413803100586,0.0
Q6YMS5,HULMNSIAKWANQO-JQKSAQOKSA-N,5.734063625335693,0.0
Q6YMS5,ZJDCGVDEEHWEIG-UHFFFAOYSA-N,5.342621803283691,0.0
Q6YMS5,WPHKIQPVPYJNAX-UHFFFAOYSA-N,5.138014793395996,0.0
Q6YMS5,WEEYMMXMBFJUAI-UHFFFAOYSA-N,5.031887054443359,0.0
Q6YMS5,YZPOQCQXOSEMAZ-UHFFFAOYSA-N,5.1651411056518555,0.0
Q6YMS5,CMIJXZWOIKQHLL-PQQNNWGCSA-N,6.393956184387207,0.0
Q6YMS5,ROMLGDPRVIVYSV-UHFFFAOYSA-N,4.625237464904785,0.0
Q6YMS5,SGTNSNPWRIOYBX-MHZLTWQESA-N,6.261552810668945,0.0
Q6YMS5,QFGMXJOBTNZHEL-UHFFFAOYSA-N,5.083913803100586,0.0
Q6YMS5,SYYBDNPGDKKJDU-ZDUSSCGKSA-N,4.986817359924316,0.0
Q6YMS5,RDUHXGIIUDVSHR-UHFFFAOYSA-N,5.389717102050781,0.0
Q6YMS5,ALQXIMVNPRVWQA-CFVMTHIKSA-N,5.521930694580078,0.0
Q6YMS5,NOZIJMHMKORZBA-KJCUYJGMSA-N,4.932129859924316,0.0
Q6YMS5,HGEYJZMMUGWEOT-UHFFFAOYSA-N,5.859956741333008,0.0
Q6YMS5,DYDCPNMLZGFQTM-UHFFFAOYSA-N,5.8272552490234375,0.0
Q6YMS5,GSDSWSVVBLHKDQ-UHFFFAOYSA-N,4.903124809265137,0.0
Q6YMS5,UTNUDOFZCWSZMS-YFHOEESVSA-N,5.669843673706055,0.0
Q6YMS5,HPHBOJANXDKUQD-UHFFFAOYSA-N,7.120643615722656,0.0
Q6YMS5,SCVHJVCATBPIHN-SJCJKPOMSA-N,5.244625091552734,0.0
Q6YMS5,XDBMBHVYXPBOPL-UHFFFAOYSA-N,5.613923072814941,0.0
Q6YMS5,MQTOSJVFKKJCRP-BICOPXKESA-N,5.092926979064941,0.0
Q6YMS5,KQZVSTAVTJCKDG-DRSBITMPSA-N,6.18726921081543,0.0
Q6YMS5,FJLRGFADCXTJNV-IIBYNOLFSA-N,4.988415241241455,0.0
Q6YMS5,XDSXYMOZKDUASY-INIZCTEOSA-N,5.8529815673828125,0.0
Q6YMS5,CUCSSYAUKKIDJV-FAXBSAIASA-N,5.437938690185547,0.0
Q6YMS5,PFTAWBLQPZVEMU-DZGCQCFKSA-N,5.744153022766113,0.0
Q6YMS5,SCKXBVLYWLLALY-CZCYGEDCSA-N,4.924973964691162,0.0
Q6YMS5,FNSHYEAUAUHIMB-UHFFFAOYSA-N,5.761131763458252,0.0
Q6YMS5,BOIPLTNGIAPDBY-UHFFFAOYSA-N,5.9877729415893555,0.0
Q6YMS5,HCCFUFNFJIUPHS-UMIMETMPSA-N,5.700535774230957,0.0
Q6YMS5,HFNKQEVNSGCOJV-OAHLLOKOSA-N,5.596512794494629,0.0
Q6YMS5,MNDBXUUTURYVHR-UHFFFAOYSA-N,5.745207786560059,0.0
Q6YMS5,UPQJYTNALAIZCC-UHFFFAOYSA-N,7.006505966186523,0.0
Q6YMS5,SYZWOOODCAMXPL-SFHVURJKSA-N,4.851782321929932,0.0
Q6YMS5,BKJIXTWSNXCKJH-UHFFFAOYSA-N,5.386601448059082,0.0
Q6YMS5,ZJAOAACCNHFJAH-UHFFFAOYSA-N,5.69348669052124,0.0
Q6YMS5,FABUFPQFXZVHFB-PVYNADRNSA-N,4.718140125274658,0.0
Q6YMS5,LZNWYQJJBLGYLT-UHFFFAOYSA-N,5.204410552978516,0.0
Q6YMS5,GPSZYOIFQZPWEJ-UHFFFAOYSA-N,5.332536697387695,0.0
Q6YMS5,IXSVOCGZBUJEPI-HTQYORAHSA-N,5.074970245361328,0.0
Q6YMS5,AFJRDFWMXUECEW-LBPRGKRZSA-N,6.57111930847168,0.0
Q6YMS5,XAKLYHGHEFMDAP-IAXKEJLGSA-N,4.8748321533203125,0.0
Q6YMS5,UHRBTBZOWWGKMK-DOMZBBRYSA-N,6.571872711181641,0.0
Q6YMS5,FIADGNVRKBPQEU-UHFFFAOYSA-N,6.067834854125977,0.0
Q6YMS5,LUUMLYXKTPBTQR-UHFFFAOYSA-N,5.548151016235352,0.0
Q6YMS5,UNRCMCRRFYFGFX-TYPNBTCFSA-N,4.6236701011657715,0.0
Q6YMS5,FOIVPCKZDPCJJY-JQIJEIRASA-N,6.180005073547363,0.0
Q6YMS5,REOZWEGFPHTFEI-JKSUJKDBSA-N,7.456049919128418,0.0
Q6YMS5,QMLVECGLEOSESV-RYUDHWBXSA-N,5.007282257080078,0.0
Q6YMS5,MFZWMTSUNYWVBU-UHFFFAOYSA-N,5.975471496582031,0.0
Q6YMS5,BKWJAKQVGHWELA-UHFFFAOYSA-N,5.291840553283691,0.0
Q6YMS5,KUNDLEJVAIBADY-UHFFFAOYSA-N,4.787132263183594,0.0
Q6YMS5,ISJSHQTWOHGCMM-UHFFFAOYSA-N,5.26243782043457,0.0
Q6YMS5,VFCRKLWBYMDAED-REWPJTCUSA-N,6.566588401794434,0.0
Q6YMS5,RFWVETIZUQEJEF-UHFFFAOYSA-N,4.448429584503174,0.0
Q6YMS5,DHMTURDWPRKSOA-RUZDIDTESA-N,5.895912170410156,0.0
Q6YMS5,MITFXPHMIHQXPI-UHFFFAOYSA-N,5.4562273025512695,0.0
Q6YMS5,REOJLIXKJWXUGB-UHFFFAOYSA-N,4.499188423156738,0.0
Q6YMS5,RDXLYGJSWZYTFJ-UHFFFAOYSA-N,6.440711975097656,0.0
Q6YMS5,NCKMMSIFQUPKCK-UHFFFAOYSA-N,5.121131896972656,0.0
Q6YMS5,NOYPYLRCIDNJJB-UHFFFAOYSA-N,5.183911323547363,0.0
Q6YMS5,CTNQAPPDQTYTHM-UHFFFAOYSA-N,4.684380531311035,0.0
Q6YMS5,MQQNFDZXWVTQEH-UHFFFAOYSA-N,4.811611652374268,0.0
Q6YMS5,URLYINUFLXOMHP-HTVVRFAVSA-N,7.395306587219238,0.0
Q6YMS5,BPFYOAJNDMUVBL-UHFFFAOYSA-N,7.330724716186523,0.0
Q6YMS5,KSGCNXAZROJSNW-UHFFFAOYSA-N,5.582597732543945,0.0
Q6YMS5,HXEHCCYOTHDPPI-NBHSMZAVSA-N,5.0801801681518555,0.0
Q6YMS5,BLPUOQGPBJPXRL-FNORWQNLSA-N,5.102304458618164,0.0
Q6YMS5,FJRZOOICEHBAED-UHFFFAOYSA-N,5.183349609375,0.0
Q6YMS5,WBLXZPHICYCDGN-UHFFFAOYSA-N,6.457577705383301,0.0
Q6YMS5,KJAAEKQTENJMDT-SFECMWDFSA-N,7.200923919677734,0.0
Q6YMS5,ZSDCIRYNTCVTMF-GIGWZHCTSA-N,5.703512191772461,0.0
Q6YMS5,MYNQXTDIPMCJCR-HUYCHCPVSA-N,5.354602813720703,0.0
Q6YMS5,QJGVXJYGDBSPSJ-UHFFFAOYSA-N,5.239449501037598,0.0
Q6YMS5,MLDQJTXFUGDVEO-FIBGUPNXSA-N,5.059988975524902,0.0
Q6YMS5,RUJBDQSFYCKFAA-OAHLLOKOSA-N,6.464485168457031,0.0
Q6YMS5,BWBONKHPVHMQHE-UHFFFAOYSA-N,4.725137710571289,0.0
Q6YMS5,GKIRPKYJQBWNGO-UHFFFAOYSA-N,5.795821189880371,0.0
Q6YMS5,DPSPPJIUMHPXMA-UHFFFAOYSA-N,5.551060676574707,0.0
Q6YMS5,DFPAKSUCGFBDDF-UHFFFAOYSA-N,6.24716854095459,0.0
Q6YMS5,WQXNXVUDBPYKBA-YFKPBYRVSA-N,6.329658508300781,0.0
Q6YMS5,WOVTUUKKGNHVFZ-UHFFFAOYSA-N,5.653643608093262,0.0
Q6YMS5,SVJMLYUFVDMUHP-UHFFFAOYSA-N,4.853859901428223,0.0
Q6YMS5,ANOGOQXCGBMIJV-UHFFFAOYSA-N,5.417488098144531,0.0
Q6YMS5,JCZYXTVBWHAWLL-UHFFFAOYSA-N,6.29278564453125,0.0
Q6YMS5,QXRSDHAAWVKZLJ-PVYNADRNSA-N,4.674954891204834,0.0
Q6YMS5,ZTFBIUXIQYRUNT-MDWZMJQESA-N,4.633898735046387,0.0
Q6YMS5,UGJWRPJDTDGERK-UHFFFAOYSA-N,5.298272132873535,0.0
Q6YMS5,LHIALLMPKJMSIQ-NSCUHMNNSA-N,5.152011871337891,0.0
Q6YMS5,DZOJBGLFWINFBF-UMSFTDKQSA-N,5.107393264770508,0.0
Q6YMS5,CZWCKYRVOZZJNM-USOAJAOKSA-N,4.5458784103393555,0.0
Q6YMS5,KAZMQKPLIPWQNO-UHFFFAOYSA-N,4.92570686340332,0.0
Q6YMS5,QIPQASLPWJVQMH-DTORHVGOSA-N,4.524477005004883,0.0
Q6YMS5,NKANXQFJJICGDU-QPLCGJKRSA-N,5.568140029907227,0.0
Q6YMS5,LUKBXSAWLPMMSZ-OWOJBTEDSA-N,5.205183982849121,0.0
Q6YMS5,ALANRBCCCQEPFZ-UHFFFAOYSA-N,4.461455345153809,0.0
Q6YMS5,ZEUITGRIYCTCEM-KRWDZBQOSA-N,5.858188629150391,0.0
Q6YMS5,WFTSRDISOMSAQC-ZNFOTRSXSA-N,7.533664703369141,0.0
Q6YMS5,ISSKMEQROMFEHL-UHFFFAOYSA-N,5.630828380584717,0.0
Q6YMS5,KTCJYACFOQWRDO-GOSISDBHSA-N,6.349185943603516,0.0
Q6YMS5,PWZXTLHDGIBNLG-UHFFFAOYSA-N,4.639411926269531,0.0
Q6YMS5,ZUQBAQVRAURMCL-CVRLYYSRSA-N,6.09101676940918,0.0
Q6YMS5,HJXPKHCLLLRQDL-UHFFFAOYSA-N,5.360299110412598,0.0
Q6YMS5,YHHUQUILBRTPTF-UHFFFAOYSA-N,5.134738922119141,0.0
Q6YMS5,QROONAIPJKQFMC-UHFFFAOYSA-N,5.26264762878418,0.0
Q6YMS5,AZSNMRSAGSSBNP-XPNPUAGNSA-N,8.325907707214355,0.0
Q6YMS5,UDSFVOAUHKGBEK-CNQKSJKFSA-N,5.201913356781006,0.0
Q6YMS5,YABJJWZLRMPFSI-UHFFFAOYSA-N,5.976289749145508,0.0
Q6YMS5,WLAVZAAODLTUSW-UHFFFAOYSA-N,5.138162136077881,0.0
Q6YMS5,ZCMFEWUYBFMLIN-UHFFFAOYSA-N,5.586906433105469,0.0
Q6YMS5,NHTKGYOMICWFQZ-KKQYNPQSSA-N,5.004920959472656,0.0
Q6YMS5,LOUPRKONTZGTKE-WZBLMQSHSA-N,4.773866176605225,0.0
Q6YMS5,RVJIQAYFTOPTKK-UHFFFAOYSA-N,6.995290756225586,0.0
Q6YMS5,KRMDCWKBEZIMAB-UHFFFAOYSA-N,4.987306594848633,0.0
Q6YMS5,ALCSGJCIESECFD-UHFFFAOYSA-N,6.202383995056152,0.0
Q6YMS5,HNTGDFCASLOZEZ-YDBSYXHISA-N,5.104360580444336,0.0
Q6YMS5,JLRIJKVMMZEKDF-UHFFFAOYSA-N,4.731146812438965,0.0
Q6YMS5,IZFHEQBZOYJLPK-UHFFFAOYSA-N,5.862033843994141,0.0
Q6YMS5,ILAYIAGXTHKHNT-UHFFFAOYSA-N,7.552496910095215,0.0
Q6YMS5,FUKHGCVTMAEHRG-NRFANRHFSA-N,4.891345977783203,0.0
Q6YMS5,XQYASZNUFDVMFH-CQSZACIVSA-N,5.528270721435547,0.0
Q6YMS5,OVBPIULPVIDEAO-LBPRGKRZSA-N,5.29216194152832,0.0
Q6YMS5,XUHMGFKQBWZWPO-UHFFFAOYSA-N,5.895236968994141,0.0
Q6YMS5,QYBGBLQCOOISAR-UHFFFAOYSA-N,5.331488132476807,0.0
Q6YMS5,ZDASUJMDVPTNTF-UHFFFAOYSA-N,5.360257148742676,0.0
Q6YMS5,HJYYPODYNSCCOU-ODRIEIDWSA-N,5.226071357727051,0.0
Q6YMS5,ZZWWXIBKLBMSCS-FQEVSTJZSA-N,6.6778059005737305,0.0
Q6YMS5,HGXLJRWXCXSEJO-GMSGAONNSA-N,4.8415985107421875,0.0
Q6YMS5,MYEJFUXQJGHEQK-ALRJYLEOSA-N,5.386209964752197,0.0
Q6YMS5,ACWKGTGIJRCOOM-HHHXNRCGSA-N,6.245201110839844,0.0
Q6YMS5,HIBWHHQXUSKNOV-UHFFFAOYSA-N,7.002925872802734,0.0
Q6YMS5,QULDDKSCVCJTPV-UHFFFAOYSA-N,5.691986083984375,0.0
Q6YMS5,GKJCVYLDJWTWQU-CXLRFSCWSA-N,5.113058090209961,0.0
Q6YMS5,XZEUAXYWNKYKPL-WDYNHAJCSA-N,4.869157314300537,0.0
Q6YMS5,QRXWMOHMRWLFEY-UHFFFAOYSA-N,6.2516279220581055,0.0
Q6YMS5,ZRTQSJFIDWNVJW-WYMLVPIESA-N,5.78210973739624,0.0
Q6YMS5,WZHJKEUHNJHDLS-QTGUNEKASA-N,5.604870796203613,0.0
Q6YMS5,HIANJWSAHKJQTH-UHFFFAOYSA-N,6.1997575759887695,0.0
Q6YMS5,FDMUNKXWYMSZIR-NQWKWHCYSA-N,6.017449378967285,0.0
Q6YMS5,GBJVVSCPOBPEIT-UHFFFAOYSA-N,4.228889465332031,0.0
Q6YMS5,QCDFBFJGMNKBDO-UHFFFAOYSA-N,5.813074111938477,0.0
Q6YMS5,PUOAETJYKQITMO-LANLRWRYSA-N,5.254382133483887,0.0
Q6YMS5,VCCBCXVFGHTDQN-UODBTFMRSA-N,6.241157531738281,0.0
Q6YMS5,WSMQUUGTQYPVPD-OAHLLOKOSA-N,6.283735275268555,0.0
Q6YMS5,VKBBVOVNGWGZCA-HVIPQOSHSA-N,5.858563423156738,0.0
Q6YMS5,HSNUXANXVHLGQT-UHFFFAOYSA-N,4.772772789001465,0.0
Q6YMS5,WZRFLSDVFPIXOV-LRQRDZAKSA-N,4.8349432945251465,0.0
Q6YMS5,KHPKQFYUPIUARC-UHFFFAOYSA-N,6.069740295410156,0.0
Q6YMS5,LGWACEZVCMBSKW-UHFFFAOYSA-N,6.070695877075195,0.0
Q6YMS5,BNQDCRGUHNALGH-UHFFFAOYSA-N,6.392603874206543,0.0
Q6YMS5,PULHLIOPJXPGJN-BWVDBABLSA-N,4.431136131286621,0.0
Q6YMS5,AQSSMEORRLJZLU-UHFFFAOYSA-N,5.478799819946289,0.0
Q6YMS5,JENWDDCMEATQSR-ONSKYXJOSA-N,5.127322196960449,0.0
Q6YMS5,SIFNOOUKXBRGGB-AREMUKBSSA-N,6.132864952087402,0.0
Q6YMS5,PPUXXDKQNAHHON-BJLQDIEVSA-N,7.119832992553711,0.0
Q6YMS5,WBBZUHMHBSXBDT-UHFFFAOYSA-N,6.490081787109375,0.0
Q6YMS5,PTOIAAWZLUQTIO-GXFFZTMASA-N,4.831628799438477,0.0
Q6YMS5,JYIUNVOCEFIUIU-GHMZBOCLSA-N,5.822859764099121,0.0
Q6YMS5,UPJCLVQQPDUABA-UHFFFAOYSA-N,6.3639631271362305,0.0
Q6YMS5,GSDSWSVVBLHKDQ-JTQLQIEISA-N,4.90419864654541,0.0
Q6YMS5,WHMXDBPHBVLYRC-OFVILXPXSA-N,5.274212837219238,0.0
Q6YMS5,ALBKMJDFBZVHAK-UHFFFAOYSA-N,5.2980241775512695,0.0
Q6YMS5,INJPEINGXBVKEB-UHFFFAOYSA-N,6.344659805297852,0.0
Q6YMS5,HUADITLKOCMHSB-UHFFFAOYSA-N,6.01503849029541,0.0
Q6YMS5,INVTYAOGFAGBOE-UHFFFAOYSA-N,5.770845413208008,0.0
Q6YMS5,GLVAUDGFNGKCSF-UHFFFAOYSA-N,5.087250709533691,0.0
Q6YMS5,WOZSCQDILHKSGG-UHFFFAOYSA-N,4.677895545959473,0.0
Q6YMS5,HLCHRSFXEXAMLU-YDQNRGGDSA-N,4.4442291259765625,0.0
Q6YMS5,YVPGZQLRPAGKLA-UHFFFAOYSA-N,4.506128311157227,0.0
Q6YMS5,UQOQENZZLBSFKO-POPPZSFYSA-N,5.961139678955078,0.0
Q6YMS5,GXJABQQUPOEUTA-RDJZCZTQSA-N,5.853799343109131,0.0
Q6YMS5,IYIKLHRQXLHMJQ-UHFFFAOYSA-N,5.011594295501709,0.0
Q6YMS5,IGUBBWJDMLCRIK-UHFFFAOYSA-N,5.632616996765137,0.0
Q6YMS5,GMYLVKUGJMYTFB-UHFFFAOYSA-N,5.154369354248047,0.0
Q6YMS5,OONFNUWBHFSNBT-HXUWFJFHSA-N,5.280465126037598,0.0
Q6YMS5,ZKFQEACEUNWPMT-UHFFFAOYSA-N,5.325068950653076,0.0
Q6YMS5,BZEWSEKUUPWQDQ-UHFFFAOYSA-N,5.092721939086914,0.0
Q6YMS5,CPMDPSXJELVGJG-UHFFFAOYSA-N,5.655770778656006,0.0
Q6YMS5,IKNZXGXQOQHHJA-RCCFBDPRSA-N,4.535147666931152,0.0
Q6YMS5,ZBMZVLHSJCTVON-UHFFFAOYSA-N,5.998017311096191,0.0
Q6YMS5,PURKAOJPTOLRMP-UHFFFAOYSA-N,5.9649200439453125,0.0
Q6YMS5,ZPEIMTDSQAKGNT-UHFFFAOYSA-N,6.025382041931152,0.0
Q6YMS5,HAVJATCHLFRDHY-KSZYUSJVSA-N,4.972070693969727,0.0
Q6YMS5,LTMHDMANZUZIPE-PUGKRICDSA-N,6.946260452270508,0.0
Q6YMS5,VGIQUSQBXZXBGW-UHFFFAOYSA-N,4.633477210998535,0.0
Q6YMS5,ZGJHIFYEQJEUKA-UHFFFAOYSA-N,4.688907623291016,0.0
Q6YMS5,UOBYJVFBFSLCTQ-UHFFFAOYSA-N,7.955665588378906,0.0
Q6YMS5,VOVIALXJUBGFJZ-KWVAZRHASA-N,6.170511245727539,0.0
Q6YMS5,BSMNRYCSBFHEMQ-GZMMTYOYSA-N,5.796115875244141,0.0
Q6YMS5,GIIGAFADHXYOPM-UHFFFAOYSA-N,5.538460731506348,0.0
Q6YMS5,HEFNNWSXXWATRW-UHFFFAOYSA-N,4.9109039306640625,0.0
Q6YMS5,HUXYBQXJVXOMKX-UHFFFAOYSA-N,5.108853340148926,0.0
Q6YMS5,LSXUTRRVVSPWDZ-MKKUMYSQSA-N,6.25789737701416,0.0
Q6YMS5,DWGXUDUOJPYAOR-UHFFFAOYSA-N,5.066959857940674,0.0
Q6YMS5,VKHAHZOOUSRJNA-GCNJZUOMSA-N,4.762839317321777,0.0
Q6YMS5,PSWOBQSIXLVPDV-CXUHLZMHSA-N,4.688036918640137,0.0
Q6YMS5,FJLGEFLZQAZZCD-MCBHFWOFSA-N,4.815817832946777,0.0
Q6YMS5,ULDXWLCXEDXJGE-UHFFFAOYSA-N,5.166557312011719,0.0
Q6YMS5,WDPFJWLDPVQCAJ-UHFFFAOYSA-N,5.543926239013672,0.0
Q6YMS5,FUXVKZWTXQUGMW-FQEVSTJZSA-N,5.320100784301758,0.0
Q6YMS5,OFCNXPDARWKPPY-UHFFFAOYSA-N,5.52758264541626,0.0
Q6YMS5,UMSHZWFCVXIDEO-UHFFFAOYSA-N,4.2465715408325195,0.0
Q6YMS5,PBCZSGKMGDDXIJ-HQCWYSJUSA-N,6.110159873962402,0.0
Q6YMS5,XASIMHXSUQUHLV-UHFFFAOYSA-N,5.34641170501709,0.0
Q6YMS5,WTXWDXWZGJGIHV-URBCHYCLSA-N,6.49648380279541,0.0
Q6YMS5,YNNUSGIPVFPVBX-NHCUHLMSSA-N,5.390444755554199,0.0
Q6YMS5,QIIVJLHCZUTGSD-CUBQBAPOSA-N,5.812346935272217,0.0
Q6YMS5,BFCDFTHTSVTWOG-UHFFFAOYSA-N,5.738726615905762,0.0
Q6YMS5,GYCPCOJTCINIFZ-OXJNMPFZSA-N,5.889842987060547,0.0
Q6YMS5,WJSGOXONRXFGRY-UHFFFAOYSA-N,5.02037239074707,0.0
Q6YMS5,BBUVDDPUURMFOX-UHFFFAOYSA-N,6.048127174377441,0.0
Q6YMS5,OOXQDZTUGOJLHK-ZZEZOPTASA-N,5.833770275115967,0.0
Q6YMS5,NXWASIVXQMMPLM-ZXMXYHOLSA-N,6.599678993225098,0.0
Q6YMS5,QOYHHIBFXOOADH-UHFFFAOYSA-N,7.02852725982666,0.0
Q6YMS5,IDUYJRXRDSPPRC-NRFANRHFSA-N,5.459399223327637,0.0
Q6YMS5,ZQMXTDPQEHZTBG-FRIKZZABSA-N,7.610476493835449,0.0
Q6YMS5,YKJYKKNCCRKFSL-RDBSUJKOSA-N,4.587508201599121,0.0
Q6YMS5,QXHHHPZILQDDPS-UHFFFAOYSA-N,5.453159809112549,0.0
Q6YMS5,ULRQBGMGOSWEGZ-UHFFFAOYSA-N,5.261279106140137,0.0
Q6YMS5,UCBSXTTUNYWOCC-UHFFFAOYSA-N,7.5807085037231445,0.0
Q6YMS5,OPAKEJZFFCECPN-XQRVVYSFSA-N,5.001996040344238,0.0
Q6YMS5,SRIJFPBZWUFLFD-UHFFFAOYSA-N,5.39874267578125,0.0
Q6YMS5,KKKRKRMVJRHDMG-UHFFFAOYSA-N,5.273838043212891,0.0
Q6YMS5,OJPLJFIFUQPSJR-INIZCTEOSA-N,4.9662957191467285,0.0
Q6YMS5,HUNGUWOZPQBXGX-UHFFFAOYSA-N,5.990269660949707,0.0
Q6YMS5,UAWXGRJVZSAUSZ-UHFFFAOYSA-N,5.196386337280273,0.0
Q6YMS5,UBPYILGKFZZVDX-UHFFFAOYSA-N,7.687474250793457,0.0
Q6YMS5,QAWBIEIZDDIEMW-FPYGCLRLSA-N,5.079860210418701,0.0
Q6YMS5,PVTHJAPFENJVNC-UQTMRZPGSA-N,6.56287956237793,0.0
Q6YMS5,KEIPNCCJPRMIAX-HNNXBMFYSA-N,4.631052494049072,0.0
Q6YMS5,AQWKVJFRGORALM-UHFFFAOYSA-N,5.028993606567383,0.0
Q6YMS5,VSJKWCGYPAHWDS-FQEVSTJZSA-N,5.22491455078125,0.0
Q6YMS5,GNNDEPIMDAZHRQ-UHFFFAOYSA-N,6.321342468261719,0.0
Q6YMS5,MEKASOQEXYKAKM-UHFFFAOYSA-N,5.570627689361572,0.0
Q6YMS5,FVYRUSCZCWSFLT-UHFFFAOYSA-N,5.564460754394531,0.0
Q6YMS5,HJLSLZFTEKNLFI-UHFFFAOYSA-N,5.907693862915039,0.0
Q6YMS5,FBQPGGIHOFZRGH-UHFFFAOYSA-N,5.574468612670898,0.0
Q6YMS5,LKRDZKPBAOKJBT-CNPIRKNPSA-N,5.382342338562012,0.0
Q6YMS5,POPOYOKQQAEISW-UHFFFAOYSA-N,5.254297733306885,0.0
Q6YMS5,QDUIJCOKQCCXQY-WHJQOFBOSA-N,5.551887512207031,0.0
Q6YMS5,ZIMMTPFXOMAJTQ-UHFFFAOYSA-N,5.2900543212890625,0.0
Q6YMS5,KXDIHAQCVNNLIB-UHFFFAOYSA-N,9.67569637298584,0.0
Q6YMS5,FEFIBEHSXLKJGI-UHFFFAOYSA-N,6.698249816894531,0.0
Q6YMS5,IUJQOUHDFKALCY-UHFFFAOYSA-N,5.031582832336426,0.0
Q6YMS5,QGPKADBNRMWEQR-UHFFFAOYSA-N,4.926417350769043,0.0
Q6YMS5,YEWQCWVEXRSMSB-UHFFFAOYSA-M,5.696000099182129,0.0
Q6YMS5,MBQKTLYFUYNAPZ-FEZMQHRXSA-N,6.489384651184082,0.0
Q6YMS5,IVUGFMLRJOCGAS-UHFFFAOYSA-N,5.085017204284668,0.0
Q6YMS5,MCIACXAZCBVDEE-CUUWFGFTSA-N,5.959083557128906,0.0
Q6YMS5,FDMQDKQUTRLUBU-UHFFFAOYSA-N,5.471034049987793,0.0
Q6YMS5,RPVGLMKJGQMQSN-UHFFFAOYSA-N,5.451658725738525,0.0
Q6YMS5,UOWGYMNWMDNSTL-ONEGZZNKSA-N,6.138293266296387,0.0
Q6YMS5,LPLVUJXQOOQHMX-QWBHMCJMSA-N,5.022575378417969,0.0
Q6YMS5,RHMXXJGYXNZAPX-UHFFFAOYSA-N,4.348867416381836,0.0
Q6YMS5,ZWUFGBNOUKQGBR-UHFFFAOYSA-N,5.66544771194458,0.0
Q6YMS5,ZVYVPGLRVWUPMP-FYSMJZIKSA-N,5.258147239685059,0.0
Q6YMS5,XMYKNCNAZKMVQN-NYYWCZLTSA-N,5.3329949378967285,0.0
Q6YMS5,MPMKMQHJHDHPBE-RUZDIDTESA-N,7.226325035095215,0.0
Q6YMS5,ZSWMIFNWDQEXDT-ZESJGQACSA-N,6.130108833312988,0.0
Q6YMS5,JAZBEHYOTPTENJ-JLNKQSITSA-N,4.545500755310059,0.0
Q6YMS5,WDEKUGNKKOGFOA-UHFFFAOYSA-N,6.097957611083984,0.0
Q6YMS5,BWDQBBCUWLSASG-MDZDMXLPSA-N,5.920153617858887,0.0
Q6YMS5,RTHCYVBBDHJXIQ-UHFFFAOYSA-N,5.580151557922363,0.0
Q6YMS5,MMURVNDSFNJHAM-OWOJBTEDSA-N,4.558786392211914,0.0
Q6YMS5,ALRZZABRVIYCNY-BETUJISGSA-N,6.362113952636719,0.0
Q6YMS5,QEZYDSSGVBTNBH-UHFFFAOYSA-N,4.835987091064453,0.0
Q6YMS5,SWZXEVABPLUDIO-WSZYKNRRSA-N,6.08867073059082,0.0
Q6YMS5,NPWTVYBPSXCRPM-UHFFFAOYSA-N,5.748091697692871,0.0
Q6YMS5,DNVVZWSVACQWJE-UHFFFAOYSA-N,4.94646692276001,0.0
Q6YMS5,YFGQJKBUXPKSAW-YSTAXILLSA-N,7.13520622253418,0.0
Q6YMS5,YVPXVXANRNDGTA-WDYNHAJCSA-N,5.718324184417725,0.0
Q6YMS5,DenvInD_54,5.629358291625977,0.0
Q6YMS5,DenvInD_53,5.477535247802734,0.0
Q6YMS5,DenvInD_52,5.475866317749023,0.0
Q6YMS5,DenvInD_51,5.101004600524902,0.0
Q6YMS5,DenvInD_50,5.508794784545898,0.0
Q6YMS5,DenvInD_49,5.89295768737793,0.0
Q6YMS5,DenvInD_48,5.766304969787598,0.0
Q6YMS5,DenvInD_47,5.784770965576172,0.0
Q6YMS5,DenvInD_46,5.513088703155518,0.0
Q6YMS5,DenvInD_45,5.0468430519104,0.0
Q6YMS5,DenvInD_44,4.905874252319336,0.0
Q6YMS5,DenvInD_43,5.106830596923828,0.0
Q6YMS5,DenvInD_42,5.232080936431885,0.0
Q6YMS5,DenvInD_41,5.403835773468018,0.0
Q6YMS5,DenvInD_40,4.872995376586914,0.0
Q6YMS5,DenvInD_39,4.946059226989746,0.0
Q6YMS5,DenvInD_38,4.758854389190674,0.0
Q6YMS5,DenvInD_37,5.101730823516846,0.0
Q6YMS5,DenvInD_36,5.120522975921631,0.0
Q6YMS5,DenvInD_35,4.835409164428711,0.0
Q6YMS5,DenvInD_34,5.646197319030762,0.0
Q6YMS5,DenvInD_33,5.434123992919922,0.0
Q6YMS5,DenvInD_32,5.029271125793457,0.0
Q6YMS5,DenvInD_31,5.308554649353027,0.0
Q6YMS5,DenvInD_30,5.211676120758057,0.0
Q6YMS5,DenvInD_29,5.434123992919922,0.0
Q6YMS5,DenvInD_28,4.7948689460754395,0.0
Q6YMS5,DenvInD_27,5.489741325378418,0.0
Q6YMS5,DenvInD_26,5.366278648376465,0.0
Q6YMS5,DenvInD_25,4.871247291564941,0.0
Q6YMS5,DenvInD_24,5.164011001586914,0.0
Q6YMS5,DenvInD_23,5.434123992919922,0.0
Q6YMS5,DenvInD_22,4.726823329925537,0.0
Q6YMS5,DenvInD_21,4.848829746246338,0.0
Q6YMS5,DenvInD_20,5.178891181945801,0.0
Q6YMS5,DenvInD_19,5.178891181945801,0.0
Q6YMS5,DenvInD_18,5.069320201873779,0.0
Q6YMS5,DenvInD_17,4.987587928771973,0.0
Q6YMS5,DenvInD_16,4.993350982666016,0.0
Q6YMS5,DenvInD_15,4.832728385925293,0.0
Q6YMS5,DenvInD_14,5.020958423614502,0.0
Q6YMS5,DenvInD_13,5.191790580749512,0.0
Q6YMS5,DenvInD_12,5.610548973083496,0.0
Q6YMS5,DenvInD_11,5.610548973083496,0.0
Q6YMS5,DenvInD_10,5.566906452178955,0.0
Q6YMS5,DenvInD_9,5.429180145263672,0.0
Q6YMS5,DenvInD_8,4.695076942443848,0.0
Q6YMS5,DenvInD_7,4.9912261962890625,0.0
Q6YMS5,DenvInD_6,4.9912261962890625,0.0
Q6YMS5,DenvInD_5,4.762463569641113,0.0
Q6YMS5,DenvInD_4,5.156756401062012,0.0
Q6YMS5,DenvInD_3,5.537391662597656,0.0
Q6YMS5,DenvInD_2,5.06571102142334,0.0
Q6YMS5,DenvInD_1,5.48179292678833,0.0
Q6YMS5,CLPSAAPUJUVQPP-UHFFFAOYSA-N,5.850431442260742,0.0
Q6YMS5,IECPWNUMDGFDKC-MZJAQBGESA-N,5.268815040588379,0.0
Q6YMS5,QNUKRWAIZMBVCU-WCIBSUBMSA-N,5.882504463195801,0.0
Q6YMS5,BEMNJULZEQTDJY-UHFFFAOYSA-N,6.153420448303223,0.0
Q6YMS5,TVXOXGBTADZYCZ-UHFFFAOYSA-N,5.074551105499268,0.0
Q6YMS5,GFMMXOIFOQCCGU-UHFFFAOYSA-N,5.0854172706604,0.0
Q6YMS5,ZEWQUBUPAILYHI-UHFFFAOYSA-N,5.819439888000488,0.0
Q6YMS5,OASYWNFOHKQIGI-UHFFFAOYSA-N,6.483358383178711,0.0
Q6YMS5,PRXHANOJNVGVGC-UHFFFAOYSA-N,4.944575786590576,0.0
Q6YMS5,SUDAHWBOROXANE-SECBINFHSA-N,5.012813568115234,0.0
Q6YMS5,QQJHRQZZCNYDMX-VPUSJEBWSA-N,5.203771114349365,0.0
Q6YMS5,RGJOJUGRHPQXGF-INIZCTEOSA-N,5.58351469039917,0.0
Q6YMS5,MJFJKKXQDNNUJF-UHFFFAOYSA-N,5.0417890548706055,0.0
Q6YMS5,ODEDPKNSRBCSDO-UHFFFAOYSA-N,5.478822708129883,0.0
Q6YMS5,SVGRIJCSKWXOPA-UHFFFAOYSA-N,5.370821475982666,0.0
Q6YMS5,JROFGZPOBKIAEW-UHFFFAOYSA-N,5.294068336486816,0.0
Q6YMS5,ISHXLNHNDMZNMC-VTKCIJPMSA-N,6.314667701721191,0.0
Q6YMS5,ABQYZRZVRIPTPI-UHFFFAOYSA-N,4.357385635375977,0.0
Q6YMS5,XFALPSLJIHVRKE-GFCCVEGCSA-N,6.1362104415893555,0.0
Q6YMS5,XIROXSOOOAZHLL-UHFFFAOYSA-N,4.7466535568237305,0.0
Q6YMS5,QXTWSUQCXCWEHF-JXMROGBWSA-N,5.2607622146606445,0.0
Q6YMS5,MPUQHZXIXSTTDU-QXGSTGNESA-N,4.593871116638184,0.0
Q6YMS5,VSWBSWWIRNCQIJ-GJZGRUSLSA-N,5.437588691711426,0.0
Q6YMS5,LCMWDFXRHRLQPG-UHFFFAOYSA-N,4.922051906585693,0.0
Q6YMS5,DFXFDNPRHWLXON-AANMMBORSA-N,6.670441627502441,0.0
Q6YMS5,XSPUSVIQHBDITA-RKYNPMAHSA-N,4.88260555267334,0.0
Q6YMS5,RKEWSXXUOLRFBX-UHFFFAOYSA-N,7.28585147857666,0.0
Q6YMS5,XVDXNSRMHBAVAX-UHFFFAOYSA-N,5.120870590209961,0.0
Q6YMS5,WFNAKBGANONZEQ-UHFFFAOYSA-N,5.032453536987305,0.0
Q6YMS5,UDYUIWXQUBNDHC-UHFFFAOYSA-N,5.3500471115112305,0.0
Q6YMS5,YTRRAUACYORZLX-UHFFFAOYSA-N,6.138422012329102,0.0
Q6YMS5,PZDPVSFZTKORSP-OAHLLOKOSA-N,4.76642370223999,0.0
Q6YMS5,ZACWYYKZMLGOTG-UHFFFAOYSA-N,6.134401321411133,0.0
Q6YMS5,UVNHKOOJXSALHN-KYNHBKCMSA-N,5.731144428253174,0.0
Q6YMS5,GDLIGKIOYRNHDA-UHFFFAOYSA-N,5.178589820861816,0.0
Q6YMS5,WXUUCRLKXQMWRY-UHFFFAOYSA-N,5.593649864196777,0.0
Q6YMS5,HPNSFSBZBAHARI-RUDMXATFSA-N,6.3040056228637695,0.0
Q6YMS5,IAKHMKGGTNLKSZ-INIZCTEOSA-N,6.21868896484375,0.0
Q6YMS5,PWPNYABQEOGNNC-UHFFFAOYSA-N,4.963362693786621,0.0
Q6YMS5,MTJHLONVHHPNSI-IBGZPJMESA-N,6.112022399902344,0.0
Q6YMS5,PGNHBJGIQAEIHD-UHFFFAOYSA-N,5.606101036071777,0.0
Q6YMS5,GPNHMOZDMYNCPO-PDUMRIMRSA-N,5.726824760437012,0.0
Q6YMS5,RTHCYVBBDHJXIQ-MRXNPFEDSA-N,5.672082424163818,0.0
Q6YMS5,HYIMSNHJOBLJNT-UHFFFAOYSA-N,6.290457725524902,0.0
Q6YMS5,TXOKWXJQVFUUDD-UHFFFAOYSA-N,5.86020565032959,0.0
Q6YMS5,SRQKTCXJCCHINN-NYYWCZLTSA-N,4.798468589782715,0.0
Q6YMS5,XZWYZXLIPXDOLR-UHFFFAOYSA-N,6.268979072570801,0.0
Q6YMS5,GBBJCSTXCAQSSJ-JVZYCSMKSA-N,7.562013626098633,0.0
Q6YMS5,IPHKVWAKDXKJRE-UHFFFAOYSA-N,4.569436550140381,0.0
Q6YMS5,MZDKLVOWGIOKTN-UHFFFAOYSA-N,6.3759565353393555,0.0
Q6YMS5,OBATZBGFDSVCJD-LALPQLPRSA-N,7.520411491394043,0.0
Q6YMS5,YRFXGQHBPBMFHW-SBTZIJSASA-N,4.667041778564453,0.0
Q6YMS5,NIRXBXIPHUTNNI-UHFFFAOYSA-N,5.477089881896973,0.0
Q6YMS5,PHXJVRSECIGDHY-UHFFFAOYSA-N,6.223539352416992,0.0
Q6YMS5,OVEVHVURWWTPFC-UHFFFAOYSA-N,5.470742225646973,0.0
Q6YMS5,HBXMSJLNXYLVTA-UHFFFAOYSA-N,5.1730194091796875,0.0
Q6YMS5,AYCMYBACERJYNY-HIFRSBDPSA-N,5.047125816345215,0.0
Q6YMS5,GERNFWKTMKWULM-UHFFFAOYSA-N,7.219944953918457,0.0
Q6YMS5,HAGHKJDWBDSFKC-UHFFFAOYSA-N,5.358156204223633,0.0
Q6YMS5,ANZVBVKYXOGOQC-UHFFFAOYSA-N,6.0496625900268555,0.0
Q6YMS5,VGKDLMBJGBXTGI-SJCJKPOMSA-N,5.256200790405273,0.0
Q6YMS5,MUTBJZVSRNUIHA-UHFFFAOYSA-N,5.095876216888428,0.0
Q6YMS5,IAIWVQXQOWNYOU-FPYGCLRLSA-N,5.424320220947266,0.0
Q6YMS5,QNIVIMYXGGFTAK-UHFFFAOYSA-N,4.989214897155762,0.0
Q6YMS5,VWOIKFDZQQLJBJ-DTQAZKPQSA-N,5.089643955230713,0.0
Q6YMS5,IAYGCINLNONXHY-LBPRGKRZSA-N,6.512198448181152,0.0
Q6YMS5,JABSKGQQWUDVRU-UHFFFAOYSA-O,5.746923923492432,0.0
Q6YMS5,ACTRVOBWPAIOHC-XIXRPRMCSA-N,4.389090538024902,0.0
Q6YMS5,UGGPRXAHUOKTKV-IINYFYTJSA-N,5.125036239624023,0.0
Q6YMS5,BKVIWGRFRKLFIO-UHFFFAOYSA-N,5.754195213317871,0.0
Q6YMS5,KLRRGBHZCJLIEL-UHFFFAOYSA-N,6.332052230834961,0.0
Q6YMS5,IWUCXVSUMQZMFG-AFCXAGJDSA-N,4.8960418701171875,0.0
Q6YMS5,DXKRGNXUIRKXNR-UHFFFAOYSA-N,4.4517059326171875,0.0
Q6YMS5,BJDCWCLMFKKGEE-KDTBHNEXSA-N,6.046682357788086,0.0
Q6YMS5,DenvInD_182,4.434298515319824,0.0
Q6YMS5,DenvInD_181,4.391519069671631,0.0
Q6YMS5,DenvInD_180,4.390073776245117,0.0
Q6YMS5,DenvInD_179,4.98967170715332,0.0
Q6YMS5,DenvInD_178,4.383391380310059,0.0
Q6YMS5,DenvInD_177,4.583410263061523,0.0
Q6YMS5,DenvInD_176,4.381103038787842,0.0
Q6YMS5,DenvInD_175,5.2971038818359375,0.0
Q6YMS5,DenvInD_174,5.965402603149414,0.0
Q6YMS5,DenvInD_173,4.984241008758545,0.0
Q6YMS5,DenvInD_172,4.409785270690918,0.0
Q6YMS5,DenvInD_171,4.620591163635254,0.0
Q6YMS5,DenvInD_170,5.974003791809082,0.0
Q6YMS5,DenvInD_169,6.586812973022461,0.0
Q6YMS5,DenvInD_168,4.798702239990234,0.0
Q6YMS5,DenvInD_167,4.798702239990234,0.0
Q6YMS5,DenvInD_166,6.495126724243164,0.0
Q6YMS5,DenvInD_165,6.495126724243164,0.0
Q6YMS5,DenvInD_164,5.055239200592041,0.0
Q6YMS5,DenvInD_163,4.388793468475342,0.0
Q6YMS5,DenvInD_162,5.714046001434326,0.0
Q6YMS5,DenvInD_161,5.714046001434326,0.0
Q6YMS5,DenvInD_160,4.366786003112793,0.0
Q6YMS5,DenvInD_159,5.360418319702148,0.0
Q6YMS5,DenvInD_158,4.921772003173828,0.0
Q6YMS5,DenvInD_157,4.4236907958984375,0.0
Q6YMS5,DenvInD_156,4.585676670074463,0.0
Q6YMS5,DenvInD_155,5.553248405456543,0.0
Q6YMS5,DenvInD_154,4.6817827224731445,0.0
Q6YMS5,DenvInD_153,5.929361343383789,0.0
Q6YMS5,DenvInD_152,5.489463806152344,0.0
Q6YMS5,DenvInD_151,5.149336338043213,0.0
Q6YMS5,DenvInD_150,4.780743598937988,0.0
Q6YMS5,DenvInD_149,4.38104248046875,0.0
Q6YMS5,DenvInD_148,4.531062126159668,0.0
Q6YMS5,DenvInD_147,4.380383491516113,0.0
Q6YMS5,DenvInD_146,6.406139373779297,0.0
Q6YMS5,DenvInD_145,4.385181427001953,0.0
Q6YMS5,DenvInD_144,4.499804496765137,0.0
Q6YMS5,DenvInD_143,4.387914657592773,0.0
Q6YMS5,DenvInD_142,4.382108688354492,0.0
Q6YMS5,DenvInD_141,4.385370254516602,0.0
Q6YMS5,DenvInD_140,4.380721569061279,0.0
Q6YMS5,DenvInD_139,4.379520416259766,0.0
Q6YMS5,DenvInD_138,4.378448486328125,0.0
Q6YMS5,DenvInD_137,4.378909111022949,0.0
Q6YMS5,DenvInD_136,4.381336212158203,0.0
Q6YMS5,DenvInD_135,4.378872871398926,0.0
Q6YMS5,DenvInD_134,4.379149436950684,0.0
Q6YMS5,DenvInD_133,4.380921363830566,0.0
Q6YMS5,DenvInD_132,4.379520416259766,0.0
Q6YMS5,DenvInD_131,4.381336212158203,0.0
Q6YMS5,DenvInD_130,4.380921363830566,0.0
Q6YMS5,DenvInD_129,4.382108688354492,0.0
Q6YMS5,DenvInD_128,4.499804496765137,0.0
Q6YMS5,DenvInD_127,4.380867004394531,0.0
Q6YMS5,DenvInD_126,4.428084373474121,0.0
Q6YMS5,DenvInD_125,5.974003791809082,0.0
Q6YMS5,DenvInD_124,4.620591163635254,0.0
Q6YMS5,DenvInD_123,4.984241008758545,0.0
Q6YMS5,DenvInD_122,5.965402603149414,0.0
Q6YMS5,DenvInD_121,4.383391380310059,0.0
Q6YMS5,DenvInD_120,4.98967170715332,0.0
Q6YMS5,DenvInD_119,4.390073776245117,0.0
Q6YMS5,DenvInD_118,4.434298515319824,0.0
Q6YMS5,DenvInD_117,4.4025959968566895,0.0
Q6YMS5,DenvInD_116,4.944170951843262,0.0
Q6YMS5,DenvInD_115,6.018221855163574,0.0
Q6YMS5,DenvInD_114,4.385984420776367,0.0
Q6YMS5,DenvInD_113,4.925551891326904,0.0
Q6YMS5,DenvInD_112,4.481839656829834,0.0
Q6YMS5,DenvInD_111,4.583410263061523,0.0
Q6YMS5,DenvInD_110,4.381103038787842,0.0
Q6YMS5,DenvInD_109,4.460811614990234,0.0
Q6YMS5,DenvInD_108,6.586812973022461,0.0
Q6YMS5,DenvInD_107,5.2971038818359375,0.0
Q6YMS5,DenvInD_106,4.417828559875488,0.0
Q6YMS5,DenvInD_105,4.392000198364258,0.0
Q6YMS5,DenvInD_104,4.511000156402588,0.0
Q6YMS5,DenvInD_103,6.018221855163574,0.0
Q6YMS5,DenvInD_102,5.866585731506348,0.0
Q6YMS5,DenvInD_101,4.409785270690918,0.0
Q6YMS5,DenvInD_100,4.391519069671631,0.0
Q6YMS5,DenvInD_99,4.481839656829834,0.0
Q6YMS5,DenvInD_98,4.925551891326904,0.0
Q6YMS5,DenvInD_97,4.385984420776367,0.0
Q6YMS5,DenvInD_96,5.866585731506348,0.0
Q6YMS5,DenvInD_95,6.018221855163574,0.0
Q6YMS5,DenvInD_94,4.944170951843262,0.0
Q6YMS5,DenvInD_93,4.511000156402588,0.0
Q6YMS5,DenvInD_92,4.4025959968566895,0.0
Q6YMS5,DenvInD_91,4.417828559875488,0.0
Q6YMS5,DenvInD_90,4.434298515319824,0.0
Q6YMS5,DenvInD_89,4.391519069671631,0.0
Q6YMS5,DenvInD_88,4.390073776245117,0.0
Q6YMS5,DenvInD_87,4.98967170715332,0.0
Q6YMS5,DenvInD_86,4.383391380310059,0.0
Q6YMS5,DenvInD_85,4.583410263061523,0.0
Q6YMS5,DenvInD_84,4.381103038787842,0.0
Q6YMS5,DenvInD_83,5.965402603149414,0.0
Q6YMS5,DenvInD_82,4.984241008758545,0.0
Q6YMS5,DenvInD_81,4.409785270690918,0.0
Q6YMS5,DenvInD_80,4.620591163635254,0.0
Q6YMS5,DenvInD_79,5.974003791809082,0.0
Q6YMS5,DenvInD_78,6.586812973022461,0.0
Q6YMS5,DenvInD_77,4.508388519287109,0.0
Q6YMS5,DenvInD_76,4.390194892883301,0.0
Q6YMS5,DenvInD_75,4.449769973754883,0.0
Q6YMS5,DenvInD_74,4.398430824279785,0.0
Q6YMS5,DenvInD_73,4.385306358337402,0.0
Q6YMS5,DenvInD_72,4.379782676696777,0.0
Q6YMS5,DenvInD_71,4.379782676696777,0.0
Q6YMS5,DenvInD_70,5.001738548278809,0.0
Q6YMS5,DenvInD_69,4.370631217956543,0.0
Q6YMS5,DenvInD_68,4.370631217956543,0.0
Q6YMS5,DenvInD_67,4.372159957885742,0.0
Q6YMS5,DenvInD_66,5.001738548278809,0.0
Q6YMS5,DenvInD_65,4.372159957885742,0.0
Q6YMS5,DenvInD_64,5.001738548278809,0.0
Q6YMS5,DenvInD_63,4.372159957885742,0.0
Q6YMS5,DenvInD_62,5.001738548278809,0.0
Q6YMS5,DenvInD_61,4.372159957885742,0.0
Q6YMS5,DenvInD_60,4.401972770690918,0.0
Q6YMS5,DenvInD_59,4.387712478637695,0.0
Q6YMS5,DenvInD_58,4.40163516998291,0.0
Q6YMS5,DenvInD_57,4.38150691986084,0.0
Q6YMS5,DenvInD_56,6.049347877502441,0.0
Q6YMS5,DenvInD_55,4.47120475769043,0.0
Q6YMS5,DenvInD_312,4.900699615478516,0.0
Q6YMS5,DenvInD_311,5.145350456237793,0.0
Q6YMS5,DenvInD_310,5.327659606933594,0.0
Q6YMS5,DenvInD_309,5.854391098022461,0.0
Q6YMS5,DenvInD_308,5.525090217590332,0.0
Q6YMS5,DenvInD_307,4.8207597732543945,0.0
Q6YMS5,DenvInD_306,4.901305675506592,0.0
Q6YMS5,DenvInD_305,5.467175006866455,0.0
Q6YMS5,DenvInD_304,5.1082611083984375,0.0
Q6YMS5,DenvInD_301,6.252301216125488,0.0
Q6YMS5,DenvInD_300,5.629767417907715,0.0
Q6YMS5,DenvInD_299,6.169792175292969,0.0
Q6YMS5,DenvInD_298,6.25862979888916,0.0
Q6YMS5,DenvInD_297,7.145621299743652,0.0
Q6YMS5,DenvInD_296,5.312572956085205,0.0
Q6YMS5,DenvInD_295,5.741086959838867,0.0
Q6YMS5,DenvInD_294,4.8119401931762695,0.0
Q6YMS5,DenvInD_293,4.86048698425293,0.0
Q6YMS5,DenvInD_292,5.568673133850098,0.0
Q6YMS5,DenvInD_291,5.106415271759033,0.0
Q6YMS5,DenvInD_290,4.498565673828125,0.0
Q6YMS5,DenvInD_289,5.138088703155518,0.0
Q6YMS5,DenvInD_288,5.6509246826171875,0.0
Q6YMS5,DenvInD_287,5.971134185791016,0.0
Q6YMS5,DenvInD_286,5.277031898498535,0.0
Q6YMS5,DenvInD_285,6.117621421813965,0.0
Q6YMS5,DenvInD_284,6.117621421813965,0.0
Q6YMS5,DenvInD_283,6.459172248840332,0.0
Q6YMS5,DenvInD_282,4.848188877105713,0.0
Q6YMS5,DenvInD_281,6.306765556335449,0.0
Q6YMS5,DenvInD_280,6.171409606933594,0.0
Q6YMS5,DenvInD_279,6.598092079162598,0.0
Q6YMS5,DenvInD_278,6.166812896728516,0.0
Q6YMS5,DenvInD_277,5.633988380432129,0.0
Q6YMS5,DenvInD_276,5.458203315734863,0.0
Q6YMS5,DenvInD_275,5.3063225746154785,0.0
Q6YMS5,DenvInD_274,4.959988594055176,0.0
Q6YMS5,DenvInD_273,4.4975666999816895,0.0
Q6YMS5,DenvInD_272,5.655087471008301,0.0
Q6YMS5,DenvInD_271,5.217816352844238,0.0
Q6YMS5,DenvInD_270,4.530466079711914,0.0
Q6YMS5,DenvInD_269,5.621489524841309,0.0
Q6YMS5,DenvInD_268,6.098262786865234,0.0
Q6YMS5,DenvInD_267,6.101822853088379,0.0
Q6YMS5,DenvInD_266,5.550546646118164,0.0
Q6YMS5,DenvInD_265,5.550546646118164,0.0
Q6YMS5,DenvInD_264,5.3312482833862305,0.0
Q6YMS5,DenvInD_263,5.026212692260742,0.0
Q6YMS5,DenvInD_262,6.512575149536133,0.0
Q6YMS5,DenvInD_261,4.710949420928955,0.0
Q6YMS5,DenvInD_260,6.429901123046875,0.0
Q6YMS5,DenvInD_259,6.287747383117676,0.0
Q6YMS5,DenvInD_258,4.995181083679199,0.0
Q6YMS5,DenvInD_257,5.091376304626465,0.0
Q6YMS5,DenvInD_256,4.193936347961426,0.0
Q6YMS5,DenvInD_255,5.761963844299316,0.0
Q6YMS5,DenvInD_254,5.500756740570068,0.0
Q6YMS5,DenvInD_253,4.575020790100098,0.0
Q6YMS5,DenvInD_252,5.081674575805664,0.0
Q6YMS5,DenvInD_251,4.750786781311035,0.0
Q6YMS5,DenvInD_250,4.820064544677734,0.0
Q6YMS5,DenvInD_249,6.01811408996582,0.0
Q6YMS5,DenvInD_248,5.297089099884033,0.0
Q6YMS5,DenvInD_247,4.797985076904297,0.0
Q6YMS5,DenvInD_246,5.970097541809082,0.0
Q6YMS5,DenvInD_245,5.827768325805664,0.0
Q6YMS5,DenvInD_244,6.271703720092773,0.0
Q6YMS5,DenvInD_243,4.498565673828125,0.0
Q6YMS5,DenvInD_242,5.966012001037598,0.0
Q6YMS5,DenvInD_241,5.855904579162598,0.0
Q6YMS5,DenvInD_240,4.60942268371582,0.0
Q6YMS5,DenvInD_239,5.993887901306152,0.0
Q6YMS5,DenvInD_238,6.159997940063477,0.0
Q6YMS5,DenvInD_237,5.027799606323242,0.0
Q6YMS5,DenvInD_236,6.0580902099609375,0.0
Q6YMS5,DenvInD_235,5.5752081871032715,0.0
Q6YMS5,DenvInD_234,5.993887901306152,0.0
Q6YMS5,DenvInD_233,6.159997940063477,0.0
Q6YMS5,DenvInD_232,5.027799606323242,0.0
Q6YMS5,DenvInD_231,6.0580902099609375,0.0
Q6YMS5,DenvInD_230,5.5752081871032715,0.0
Q6YMS5,DenvInD_229,4.763537406921387,0.0
Q6YMS5,DenvInD_228,4.9070539474487305,0.0
Q6YMS5,DenvInD_227,5.179560661315918,0.0
Q6YMS5,DenvInD_226,5.866850852966309,0.0
Q6YMS5,DenvInD_225,5.966012001037598,0.0
Q6YMS5,DenvInD_224,4.697827339172363,0.0
Q6YMS5,DenvInD_223,4.697827339172363,0.0
Q6YMS5,DenvInD_222,5.782621383666992,0.0
Q6YMS5,DenvInD_221,5.993882179260254,0.0
Q6YMS5,DenvInD_220,5.145220756530762,0.0
Q6YMS5,DenvInD_219,6.716315269470215,0.0
Q6YMS5,DenvInD_218,5.513581275939941,0.0
Q6YMS5,DenvInD_217,5.587554931640625,0.0
Q6YMS5,DenvInD_216,6.068964004516602,0.0
Q6YMS5,DenvInD_215,5.966012001037598,0.0
Q6YMS5,DenvInD_214,4.7209062576293945,0.0
Q6YMS5,DenvInD_213,4.7978057861328125,0.0
Q6YMS5,DenvInD_212,5.389906883239746,0.0
Q6YMS5,DenvInD_211,4.737000942230225,0.0
Q6YMS5,DenvInD_210,5.552011489868164,0.0
Q6YMS5,DenvInD_209,5.743411064147949,0.0
Q6YMS5,DenvInD_208,5.373248100280762,0.0
Q6YMS5,DenvInD_207,5.996753692626953,0.0
Q6YMS5,DenvInD_206,5.898149490356445,0.0
Q6YMS5,DenvInD_205,5.670096397399902,0.0
Q6YMS5,DenvInD_204,5.244164943695068,0.0
Q6YMS5,DenvInD_203,5.996753692626953,0.0
Q6YMS5,DenvInD_202,5.737809658050537,0.0
Q6YMS5,DenvInD_201,5.3849968910217285,0.0
Q6YMS5,DenvInD_200,4.7978057861328125,0.0
Q6YMS5,DenvInD_199,4.919201850891113,0.0
Q6YMS5,DenvInD_198,5.373248100280762,0.0
Q6YMS5,DenvInD_197,5.71136474609375,0.0
Q6YMS5,DenvInD_196,5.389906883239746,0.0
Q6YMS5,DenvInD_195,5.098413467407227,0.0
Q6YMS5,DenvInD_194,5.463711261749268,0.0
Q6YMS5,DenvInD_193,4.625823974609375,0.0
Q6YMS5,DenvInD_192,5.552011489868164,0.0
Q6YMS5,DenvInD_191,4.7209062576293945,0.0
Q6YMS5,DenvInD_190,6.324339866638184,0.0
Q6YMS5,DenvInD_189,5.614577293395996,0.0
Q6YMS5,DenvInD_188,6.261320114135742,0.0
Q6YMS5,DenvInD_187,4.737000942230225,0.0
Q6YMS5,DenvInD_186,5.605184078216553,0.0
Q6YMS5,DenvInD_185,5.739565849304199,0.0
Q6YMS5,DenvInD_184,5.743411064147949,0.0
Q6YMS5,DenvInD_183,5.373248100280762,0.0
Q6YMS5,DenvInD_472,4.931897163391113,0.0
Q6YMS5,DenvInD_471,5.247490882873535,0.0
Q6YMS5,DenvInD_470,5.897977828979492,0.0
Q6YMS5,DenvInD_469,5.684435844421387,0.0
Q6YMS5,DenvInD_458,4.721090316772461,0.0
Q6YMS5,DenvInD_457,5.107970237731934,0.0
Q6YMS5,DenvInD_450,4.376561164855957,0.0
Q6YMS5,DenvInD_449,4.386507987976074,0.0
Q6YMS5,DenvInD_448,6.938940048217773,0.0
Q6YMS5,DenvInD_447,4.3993306159973145,0.0
Q6YMS5,DenvInD_446,5.560208320617676,0.0
Q6YMS5,DenvInD_445,4.376561164855957,0.0
Q6YMS5,DenvInD_444,4.386507987976074,0.0
Q6YMS5,DenvInD_443,6.938940048217773,0.0
Q6YMS5,DenvInD_442,4.3993306159973145,0.0
Q6YMS5,DenvInD_441,5.560208320617676,0.0
Q6YMS5,DenvInD_440,4.784193515777588,0.0
Q6YMS5,DenvInD_439,4.404410362243652,0.0
Q6YMS5,DenvInD_438,5.0294694900512695,0.0
Q6YMS5,DenvInD_421,5.29232931137085,0.0
Q6YMS5,DenvInD_420,4.979574203491211,0.0
Q6YMS5,DenvInD_419,4.397012233734131,0.0
Q6YMS5,DenvInD_418,4.562461853027344,0.0
Q6YMS5,DenvInD_417,5.070446491241455,0.0
Q6YMS5,DenvInD_416,6.085135459899902,0.0
Q6YMS5,DenvInD_415,4.943971633911133,0.0
Q6YMS5,DenvInD_414,5.773652076721191,0.0
Q6YMS5,DenvInD_413,4.366272926330566,0.0
Q6YMS5,DenvInD_412,4.411895751953125,0.0
Q6YMS5,DenvInD_411,5.979702949523926,0.0
Q6YMS5,DenvInD_410,4.503147125244141,0.0
Q6YMS5,DenvInD_409,5.088967323303223,0.0
Q6YMS5,DenvInD_408,5.519926071166992,0.0
Q6YMS5,DenvInD_407,4.524292469024658,0.0
Q6YMS5,DenvInD_406,4.406008720397949,0.0
Q6YMS5,DenvInD_405,4.366272926330566,0.0
Q6YMS5,DenvInD_404,5.038665771484375,0.0
Q6YMS5,DenvInD_403,4.969081878662109,0.0
Q6YMS5,DenvInD_402,4.794458389282227,0.0
Q6YMS5,DenvInD_401,4.944082260131836,0.0
Q6YMS5,DenvInD_400,4.406193733215332,0.0
Q6YMS5,DenvInD_399,4.645286560058594,0.0
Q6YMS5,DenvInD_398,4.558157920837402,0.0
Q6YMS5,DenvInD_397,5.930109977722168,0.0
Q6YMS5,DenvInD_396,5.2490668296813965,0.0
Q6YMS5,DenvInD_395,5.038785934448242,0.0
Q6YMS5,DenvInD_394,4.912308692932129,0.0
Q6YMS5,DenvInD_393,4.938711166381836,0.0
Q6YMS5,DenvInD_392,5.114621162414551,0.0
Q6YMS5,DenvInD_391,5.654946804046631,0.0
Q6YMS5,DenvInD_390,5.688808917999268,0.0
Q6YMS5,DenvInD_389,5.913463592529297,0.0
Q6YMS5,DenvInD_388,5.380446910858154,0.0
Q6YMS5,DenvInD_387,5.3455071449279785,0.0
Q6YMS5,DenvInD_386,5.973106384277344,0.0
Q6YMS5,DenvInD_385,6.106380462646484,0.0
Q6YMS5,DenvInD_384,5.0708723068237305,0.0
Q6YMS5,DenvInD_383,5.024740219116211,0.0
Q6YMS5,DenvInD_382,4.717921733856201,0.0
Q6YMS5,DenvInD_381,4.408350944519043,0.0
Q6YMS5,DenvInD_380,5.507699012756348,0.0
Q6YMS5,DenvInD_379,6.09397029876709,0.0
Q6YMS5,DenvInD_378,5.128749847412109,0.0
Q6YMS5,DenvInD_377,4.712045192718506,0.0
Q6YMS5,DenvInD_376,4.472452163696289,0.0
Q6YMS5,DenvInD_375,4.938711166381836,0.0
Q6YMS5,DenvInD_374,5.874751091003418,0.0
Q6YMS5,DenvInD_373,5.410192489624023,0.0
Q6YMS5,DenvInD_372,4.943971633911133,0.0
Q6YMS5,DenvInD_371,5.062795639038086,0.0
Q6YMS5,DenvInD_370,4.463177680969238,0.0
Q6YMS5,DenvInD_369,4.835158824920654,0.0
Q6YMS5,DenvInD_368,6.222625732421875,0.0
Q6YMS5,DenvInD_367,4.706002235412598,0.0
Q6YMS5,DenvInD_366,4.7863569259643555,0.0
Q6YMS5,DenvInD_365,5.269338607788086,0.0
Q6YMS5,DenvInD_364,6.101539611816406,0.0
Q6YMS5,DenvInD_363,4.912308692932129,0.0
Q6YMS5,DenvInD_362,5.930109977722168,0.0
Q6YMS5,DenvInD_361,5.909846305847168,0.0
Q6YMS5,DenvInD_360,5.301083564758301,0.0
Q6YMS5,DenvInD_359,5.227697372436523,0.0
Q6YMS5,DenvInD_358,4.412198066711426,0.0
Q6YMS5,DenvInD_357,6.133085250854492,0.0
Q6YMS5,DenvInD_356,5.04785680770874,0.0
Q6YMS5,DenvInD_355,4.415223121643066,0.0
Q6YMS5,DenvInD_354,4.4481329917907715,0.0
Q6YMS5,DenvInD_353,4.740030288696289,0.0
Q6YMS5,DenvInD_352,4.740030288696289,0.0
Q6YMS5,DenvInD_351,5.597490310668945,0.0
Q6YMS5,DenvInD_350,5.597490310668945,0.0
Q6YMS5,DenvInD_349,4.554224491119385,0.0
Q6YMS5,DenvInD_348,4.740030288696289,0.0
Q6YMS5,DenvInD_347,4.740030288696289,0.0
Q6YMS5,DenvInD_346,4.740030288696289,0.0
Q6YMS5,DenvInD_345,5.632375240325928,0.0
Q6YMS5,DenvInD_344,4.912308692932129,0.0
Q6YMS5,DenvInD_343,4.882497310638428,0.0
Q6YMS5,DenvInD_342,4.558157920837402,0.0
Q6YMS5,DenvInD_341,5.355440139770508,0.0
Q6YMS5,DenvInD_340,5.199689865112305,0.0
Q6YMS5,DenvInD_339,4.6092681884765625,0.0
Q6YMS5,DenvInD_338,4.547484397888184,0.0
Q6YMS5,DenvInD_337,4.501102447509766,0.0
Q6YMS5,DenvInD_336,4.980588436126709,0.0
Q6YMS5,DenvInD_335,4.580678939819336,0.0
Q6YMS5,DenvInD_334,5.118868827819824,0.0
Q6YMS5,DenvInD_333,4.858355522155762,0.0
Q6YMS5,DenvInD_332,4.649229049682617,0.0
Q6YMS5,DenvInD_331,4.6092681884765625,0.0
Q6YMS5,DenvInD_330,4.580678939819336,0.0
Q6YMS5,DenvInD_329,5.199689865112305,0.0
Q6YMS5,DenvInD_328,4.547484397888184,0.0
Q6YMS5,DenvInD_327,4.501102447509766,0.0
Q6YMS5,DenvInD_326,5.874751091003418,0.0
Q6YMS5,DenvInD_325,5.410192489624023,0.0
Q6YMS5,DenvInD_324,4.406313419342041,0.0
Q6YMS5,DenvInD_323,4.425699710845947,0.0
Q6YMS5,DenvInD_322,5.773652076721191,0.0
Q6YMS5,DenvInD_321,5.163577079772949,0.0
Q6YMS5,DenvInD_320,5.830622673034668,0.0
Q6YMS5,DenvInD_319,4.390104293823242,0.0
Q6YMS5,DenvInD_318,5.930109977722168,0.0
Q6YMS5,DenvInD_317,5.183195114135742,0.0
Q6YMS5,DenvInD_316,5.015851020812988,0.0
Q6YMS5,DenvInD_315,5.170332908630371,0.0
Q6YMS5,DenvInD_314,5.276169776916504,0.0
Q6YMS5,DenvInD_313,4.425699710845947,0.0
Q6YMS6,DSLPMJSGSBLWRE-UHFFFAOYSA-N,5.113506317138672,0.0
Q6YMS6,UHIXWHUVLCAJQL-MPBGBICISA-N,5.201441764831543,0.0
Q6YMS6,CEFJVGZHQAGLHS-UHFFFAOYSA-N,6.19919490814209,0.0
Q6YMS6,DTOSIQBPPRVQHS-PDBXOOCHSA-N,4.661940574645996,0.0
Q6YMS6,RZERRLOTRSJIAW-NEPGVILWSA-N,5.781558513641357,0.0
Q6YMS6,QMVPQBFHUJZJCS-NTKFZFFISA-N,5.264235496520996,0.0
Q6YMS6,QDITZBLZQQZVEE-YBEGLDIGSA-N,5.700612545013428,0.0
Q6YMS6,DOUYETYNHWVLEO-UHFFFAOYSA-N,5.2400407791137695,0.0
Q6YMS6,UIARLYUEJFELEN-LROUJFHJSA-N,5.6466569900512695,0.0
Q6YMS6,GPTXWRGISTZRIO-UHFFFAOYSA-N,5.026152610778809,0.0
Q6YMS6,ADGGYDAFIHSYFI-UHFFFAOYSA-N,6.693306922912598,0.0
Q6YMS6,WCKZRLOUKYFJDY-UHFFFAOYSA-N,5.507612228393555,0.0
Q6YMS6,FWFGIHPGRQZWIW-SQNIBIBYSA-N,4.86579704284668,0.0
Q6YMS6,JSKFWUPVIZYJMR-UDOAKELVSA-N,5.725237846374512,0.0
Q6YMS6,IFGWYHGYNVGVRB-UHFFFAOYSA-N,5.515694618225098,0.0
Q6YMS6,SQSZANZGUXWJEA-UHFFFAOYSA-N,7.305241584777832,0.0
Q6YMS6,BXRLWGXPSRYJDZ-UHFFFAOYSA-N,4.778270721435547,0.0
Q6YMS6,QXOPTIPQEVJERB-JQWIXIFHSA-N,6.464487075805664,0.0
Q6YMS6,RUJBDQSFYCKFAA-UHFFFAOYSA-N,6.600295066833496,0.0
Q6YMS6,OVPNQJVDAFNBDN-UHFFFAOYSA-N,5.138496398925781,0.0
Q6YMS6,UEFWDVMEDFCHGW-UHFFFAOYSA-N,5.557476997375488,0.0
Q6YMS6,LFVVNPBBFUSSHL-UHFFFAOYSA-N,6.119536399841309,0.0
Q6YMS6,CGBJSGAELGCMKE-UHFFFAOYSA-N,5.666676998138428,0.0
Q6YMS6,BBIPVJCGIASXJB-PKTZIBPZSA-N,5.585203647613525,0.0
Q6YMS6,VJJPUSNTGOMMGY-MRVIYFEKSA-N,5.348155975341797,0.0
Q6YMS6,WCWUXEGQKLTGDX-LLVKDONJSA-N,6.1324357986450195,0.0
Q6YMS6,FIVSJYGQAIEMOC-ZGNKEGEESA-N,5.55596923828125,0.0
Q6YMS6,PCZOHLXUXFIOCF-BXMDZJJMSA-N,4.863613128662109,0.0
Q6YMS6,XFKVLKLCLYJKNF-MZNJEOGPSA-N,5.250974655151367,0.0
Q6YMS6,LCVIRAZGMYMNNT-UHFFFAOYSA-N,6.179136276245117,0.0
Q6YMS6,UEBBYLJZCHTLEG-UTKZUKDTSA-N,5.106348037719727,0.0
Q6YMS6,VYQNWZOUAUKGHI-UHFFFAOYSA-N,5.2628173828125,0.0
Q6YMS6,JFJZZMVDLULRGK-URLMMPGGSA-O,5.765474319458008,0.0
Q6YMS6,MXJWRABVEGLYDG-UHFFFAOYSA-N,6.253835678100586,0.0
Q6YMS6,CSBQPRGTYHAYKS-AATRIKPKSA-N,4.615655899047852,0.0
Q6YMS6,HYFHYPWGAURHIV-JFIAXGOJSA-N,5.171114921569824,0.0
Q6YMS6,DKMXWAOCNKDQMT-UHFFFAOYSA-N,7.31976318359375,0.0
Q6YMS6,DKGZKTPJOSAWFA-UHFFFAOYSA-N,5.012149810791016,0.0
Q6YMS6,HRHKSTOGXBBQCB-VFWICMBZSA-N,5.116288185119629,0.0
Q6YMS6,WRNKIDLXXXIELU-IEBWSBKVSA-N,5.2089033126831055,0.0
Q6YMS6,QEVHRUUCFGRFIF-MDEJGZGSSA-N,7.585232734680176,0.0
Q6YMS6,LJIZUXQINHXGAO-ITWZMISCSA-N,5.287874221801758,0.0
Q6YMS6,JWNPDZNEKVCWMY-VQHVLOKHSA-N,5.7711639404296875,0.0
Q6YMS6,QCSDJDQOJBQTDV-UHFFFAOYSA-N,5.049269676208496,0.0
Q6YMS6,RDONXGFGWSSFMY-UHFFFAOYSA-N,5.159531593322754,0.0
Q6YMS6,MGGBYMDAPCCKCT-UHFFFAOYSA-N,6.835461616516113,0.0
Q6YMS6,SLZBEPLWGGRZAY-UHFFFAOYSA-N,5.076804161071777,0.0
Q6YMS6,TUOZJWZCVIRDKO-UHFFFAOYSA-N,6.236178398132324,0.0
Q6YMS6,VHEOUJNDDFHPGJ-UHFFFAOYSA-N,5.244232177734375,0.0
Q6YMS6,NFTMKHWBOINJGM-UHFFFAOYSA-N,6.09421443939209,0.0
Q6YMS6,KMSKQZKKOZQFFG-HSUXVGOQSA-N,5.640359401702881,0.0
Q6YMS6,RXZBMPWDPOLZGW-XMRMVWPWSA-N,5.799740791320801,0.0
Q6YMS6,ZGFJFBOLVLFLLN-ZNLRHDTNSA-N,5.146734237670898,0.0
Q6YMS6,WGEWUYACXPEFPO-UHFFFAOYSA-N,5.19370698928833,0.0
Q6YMS6,PUFQVTATUTYEAL-UHFFFAOYSA-N,5.484367370605469,0.0
Q6YMS6,FIKYECRHLXONOX-UHFFFAOYSA-N,6.178678512573242,0.0
Q6YMS6,JMOVFFLYGIQXMM-UHFFFAOYSA-N,5.721628189086914,0.0
Q6YMS6,AETHRPHBGJAIBT-UHFFFAOYSA-N,5.067418098449707,0.0
Q6YMS6,QAWIHIJWNYOLBE-OKKQSCSOSA-N,5.476187705993652,0.0
Q6YMS6,UZVHFVZFNXBMQJ-UHFFFAOYSA-N,5.066550254821777,0.0
Q6YMS6,WYWHKKSPHMUBEB-UHFFFAOYSA-N,5.014869689941406,0.0
Q6YMS6,LDVDKTLZRGWFID-GLDDHUGJSA-N,4.6188812255859375,0.0
Q6YMS6,DXVUYOAEDJXBPY-NFFDBFGFSA-N,6.023826599121094,0.0
Q6YMS6,GJUFPAZNBPFNRI-UHFFFAOYSA-N,5.94297981262207,0.0
Q6YMS6,LLEJIEBFSOEYIV-UHFFFAOYSA-N,5.344062805175781,0.0
Q6YMS6,GQBRZBHEPUQRPL-IBGZPJMESA-N,6.7245893478393555,0.0
Q6YMS6,YQNQNVDNTFHQSW-UHFFFAOYSA-N,5.446161270141602,0.0
Q6YMS6,PDOQBOJDRPLBQU-QMMMGPOBSA-N,6.5442705154418945,0.0
Q6YMS6,GBOGMAARMMDZGR-TYHYBEHESA-N,5.1311445236206055,0.0
Q6YMS6,FABPRXSRWADJSP-MEDUHNTESA-N,4.849266052246094,0.0
Q6YMS6,YFXGICNMLCGLHJ-RSKRLRQZSA-N,5.816806793212891,0.0
Q6YMS6,FWYMMXUDTATKLG-PGLMLKKXSA-N,5.646993637084961,0.0
Q6YMS6,TXGZJQLMVSIZEI-UQMAOPSPSA-N,5.694729328155518,0.0
Q6YMS6,FFRFGVHNKJYNOV-ZCIMLLHDSA-N,7.220728874206543,0.0
Q6YMS6,WPMJNLCLKAKMLA-UHFFFAOYSA-N,4.8577117919921875,0.0
Q6YMS6,HXQRGYNEDCHJPJ-UHFFFAOYSA-N,4.871877670288086,0.0
Q6YMS6,MBUVEWMHONZEQD-UHFFFAOYSA-N,5.663985252380371,0.0
Q6YMS6,NDAZATDQFDPQBD-UHFFFAOYSA-N,5.194527626037598,0.0
Q6YMS6,YBBLVLTVTVSKRW-UHFFFAOYSA-N,5.418278217315674,0.0
Q6YMS6,RRGUKTPIGVIEKM-UHFFFAOYSA-N,6.464576721191406,0.0
Q6YMS6,AIUHRQHVWSUTGJ-UHFFFAOYSA-N,5.671952247619629,0.0
Q6YMS6,CGIGDMFJXJATDK-UHFFFAOYSA-N,5.154042720794678,0.0
Q6YMS6,JYJTVFIEFKZWCJ-UHFFFAOYSA-N,5.142409324645996,0.0
Q6YMS6,PJFQWSNOXLEDDZ-OOJLDXBWSA-N,6.567779541015625,0.0
Q6YMS6,YULUCECVQOCQFQ-UHFFFAOYSA-N,4.946990966796875,0.0
Q6YMS6,MQIMZDXIAHJKQP-UHFFFAOYSA-N,5.673743724822998,0.0
Q6YMS6,NCNRHFGMJRPRSK-MDZDMXLPSA-N,4.993024826049805,0.0
Q6YMS6,QDWKGEFGLQMDAM-ULJHMMPZSA-N,6.407917022705078,0.0
Q6YMS5,DenvInD_528,5.853242874145508,0.0
Q6YMS5,DenvInD_527,6.046304702758789,0.0
Q6YMS5,DenvInD_526,5.88487434387207,0.0
Q6YMS5,DenvInD_525,6.021156311035156,0.0
Q6YMS5,DenvInD_524,6.076894760131836,0.0
Q6YMS5,DenvInD_523,5.2476301193237305,0.0
Q6YMS5,DenvInD_522,6.034503936767578,0.0
Q6YMS5,DenvInD_521,5.222496509552002,0.0
Q6YMS5,DenvInD_520,5.046343803405762,0.0
Q6YMS5,DenvInD_519,4.791102886199951,0.0
Q6YMS5,DenvInD_518,5.0615129470825195,0.0
Q6YMS5,DenvInD_517,6.3314313888549805,0.0
Q6YMS5,DenvInD_516,6.434106826782227,0.0
Q6YMS5,DenvInD_515,5.401198863983154,0.0
Q6YMS5,DenvInD_514,4.5814104080200195,0.0
Q6YMS5,DenvInD_513,5.155224323272705,0.0
Q6YMS5,DenvInD_512,5.991456031799316,0.0
Q6YMS5,DenvInD_511,5.723593711853027,0.0
Q6YMS5,DenvInD_510,4.716632843017578,0.0
Q6YMS5,DenvInD_509,5.350727081298828,0.0
Q6YMS5,DenvInD_508,4.71585750579834,0.0
Q6YMS5,DenvInD_507,5.625293731689453,0.0
Q6YMS5,DenvInD_506,5.073180198669434,0.0
Q6YMS5,DenvInD_505,4.767982482910156,0.0
Q6YMS5,DenvInD_504,6.046304702758789,0.0
Q6YMS5,DenvInD_503,6.046304702758789,0.0
Q6YMS5,DenvInD_502,5.723593711853027,0.0
Q6YMS5,DenvInD_501,4.716632843017578,0.0
Q6YMS5,DenvInD_500,5.350727081298828,0.0
Q6YMS5,DenvInD_499,5.625293731689453,0.0
Q6YMS5,DenvInD_498,5.073180198669434,0.0
Q6YMS5,DenvInD_497,4.767982482910156,0.0
Q6YMS5,DenvInD_496,4.71585750579834,0.0
Q6YMS5,DenvInD_495,5.682386875152588,0.0
Q6YMS5,DenvInD_494,6.483894348144531,0.0
Q6YMS5,DenvInD_481,5.629674911499023,0.0
Q6YMS5,DenvInD_475,5.412347793579102,0.0
Q6YMS5,DenvInD_0475,5.093865394592285,0.0
Q6YMS5,DenvInD_474,4.538699626922607,0.0
Q6YMS5,DenvInD_473,4.990345478057861,0.0
Q6YMS6,PWWVAXIEGOYWEE-UHFFFAOYSA-N,5.864438056945801,0.0
Q6YMS6,MMNNTJYFHUDSKL-UHFFFAOYSA-N,5.985734939575195,0.0
Q6YMS6,NCDNCNXCDXHOMX-XGKFQTDJSA-N,9.399310111999512,0.0
Q6YMS6,DMQYDVBIPXAAJA-VHXPQNKSSA-N,5.511690616607666,0.0
Q6YMS6,CEUORZQYGODEFX-UHFFFAOYSA-N,5.841504096984863,0.0
Q6YMS6,DZZWHBIBMUVIIW-DTORHVGOSA-N,5.32837438583374,0.0
Q6YMS6,PAVKBQLPQCDVNI-UHFFFAOYSA-N,4.861020088195801,0.0
Q6YMS6,OUSFTKFNBAZUKL-UHFFFAOYSA-N,5.19255256652832,0.0
Q6YMS6,HYNBNUYQTQIHJK-UHFFFAOYSA-N,5.749856948852539,0.0
Q6YMS6,JXONINOYTKKXQQ-CQSZACIVSA-N,5.31092643737793,0.0
Q6YMS6,WTHRRGMBUAHGNI-LCYNINFDSA-N,6.77266788482666,0.0
Q6YMS6,LTLYEAJONXGNFG-DCAQKATOSA-N,5.046252250671387,0.0
Q6YMS6,GHASVSINZRGABV-UHFFFAOYSA-N,8.067160606384277,0.0
Q6YMS6,WDJUZGPOPHTGOT-XUDUSOBPSA-N,6.287725448608398,0.0
Q6YMS6,TXUZVZSFRXZGTL-QPLCGJKRSA-N,5.367361068725586,0.0
Q6YMS6,FYDWDCIFZSGNBU-UHFFFAOYSA-N,6.070656776428223,0.0
Q6YMS6,GEZHEQNLKAOMCA-RRZNCOCZSA-N,5.400701522827148,0.0
Q6YMS6,KTUFNOKKBVMGRW-UHFFFAOYSA-N,5.166837692260742,0.0
Q6YMS6,WELIVEBWRWAGOM-UHFFFAOYSA-N,7.730110168457031,0.0
Q6YMS6,QFLNTQDOVCLQKW-UHFFFAOYSA-N,5.370139122009277,0.0
Q6YMS6,NEHWBYHLYZGBNO-BVEPWEIPSA-N,6.1482954025268555,0.0
Q6YMS6,VAAUVRVFOQPIGI-SPQHTLEESA-N,5.426957130432129,0.0
Q6YMS6,XGALLCVXEZPNRQ-UHFFFAOYSA-N,5.4722394943237305,0.0
Q6YMS6,BURHGPHDEVGCEZ-KJGLQBJMSA-N,5.417913436889648,0.0
Q6YMS6,FGAPXYWEQVSGDJ-JVXZTZIISA-N,6.108821868896484,0.0
Q6YMS6,KBGAYAKRZNYFFG-BOHATCBPSA-N,5.558325290679932,0.0
Q6YMS6,UCVAQBJLJIKTFJ-MOPGFXCFSA-N,5.9641618728637695,0.0
Q6YMS6,RPHLQSHHTJORHI-UHFFFAOYSA-N,4.979176998138428,0.0
Q6YMS6,PXZDWASDNFWKSD-UHFFFAOYSA-N,5.50742244720459,0.0
Q6YMS6,PAEZRCINULFAGO-OAQYLSRUSA-N,5.343986511230469,0.0
Q6YMS6,JGPXDNKSIXAZEQ-SBBZOCNPSA-N,5.348056793212891,0.0
Q6YMS6,SBRXTSOCZITGQG-UHFFFAOYSA-N,5.192464351654053,0.0
Q6YMS6,PVEVXUMVNWSNIG-PDPGNHKXSA-N,5.630889892578125,0.0
Q6YMS6,JBPUGFODGPKTDW-SFHVURJKSA-N,6.40516471862793,0.0
Q6YMS6,AERLHOTUXIJQFV-RCPZPFRWSA-N,5.507390022277832,0.0
Q6YMS6,AIIXYCDTEGICEE-CTVCDRHFSA-N,5.929633140563965,0.0
Q6YMS6,ZJVAVRRLTFVZIP-UHFFFAOYSA-N,5.4261956214904785,0.0
Q6YMS6,IPMYMEWFZKHGAX-ZKSIBHASSA-N,4.586979389190674,0.0
Q6YMS6,NCXMLFZGDNKEPB-FFPOYIOWSA-N,5.099074363708496,0.0
Q6YMS6,HESSNRGIEVBPRB-QDDPNBLJSA-N,5.668778419494629,0.0
Q6YMS6,DKORMNNYNRPTBJ-UHFFFAOYSA-N,6.378755569458008,0.0
Q6YMS6,DRXHAKVGNKHFMB-UHFFFAOYSA-N,4.704278469085693,0.0
Q6YMS6,GVEZIHKRYBHEFX-NQQPLRFYSA-N,4.8527679443359375,0.0
Q6YMS6,XDXDZDZNSLXDNA-TZNDIEGXSA-N,5.927382469177246,0.0
Q6YMS6,YTMOQFAFGKLYIW-CONSDPRKSA-N,6.018136024475098,0.0
Q6YMS6,LQVXSNNAFNGRAH-QHCPKHFHSA-N,5.755303859710693,0.0
Q6YMS6,ODKNJVUHOIMIIZ-RRKCRQDMSA-N,6.182680130004883,0.0
Q6YMS6,KOAWAWHSMVKCON-UHFFFAOYSA-N,5.785190105438232,0.0
Q6YMS6,IPVFGAYTKQKGBM-GDBQBOEPSA-N,5.206026554107666,0.0
Q6YMS6,ZXSGSFMORAILEY-HNNXBMFYSA-N,5.350651741027832,0.0
Q6YMS6,UXXQOJXBIDBUAC-UHFFFAOYSA-N,5.52692985534668,0.0
Q6YMS6,ULXXDDBFHOBEHA-CWDCEQMOSA-N,5.762347221374512,0.0
Q6YMS6,MIWWSGDADVMLTG-UHFFFAOYSA-N,5.587000370025635,0.0
Q6YMS6,SRIOCKJKFXAKHK-UHFFFAOYSA-N,4.470873832702637,0.0
Q6YMS6,NBRQRXRBIHVLGI-OWXODZSWSA-N,6.065768241882324,0.0
Q6YMS6,IQPNAANSBPBGFQ-UHFFFAOYSA-N,4.902142524719238,0.0
Q6YMS6,ZEZFKUBILQRZCK-MJSCXXSSSA-N,4.821672439575195,0.0
Q6YMS6,VLEUZFDZJKSGMX-ONEGZZNKSA-N,4.784207820892334,0.0
Q6YMS6,ULRDYYKSPCRXAJ-KRWDZBQOSA-N,4.535139083862305,0.0
Q6YMS6,LHGWWAFKVCIILM-AMZGXZFVSA-N,6.532247543334961,0.0
Q6YMS6,YJZSUCFGHXQWDM-UHFFFAOYSA-N,6.4616498947143555,0.0
Q6YMS6,ZUQBAQVRAURMCL-DOMZBBRYSA-N,6.089399337768555,0.0
Q6YMS6,NRUKOCRGYNPUPR-QBPJDGROSA-N,5.2387189865112305,0.0
Q6YMS6,PSBAIJVSCTZDDB-UHFFFAOYSA-N,5.035859107971191,0.0
Q6YMS6,XRXDAJYKGWNHTQ-UHFFFAOYSA-N,5.096867561340332,0.0
Q6YMS6,SFNSLLSYNZWZQG-VQIMIIECSA-N,5.6597795486450195,0.0
Q6YMS6,BCSHRERPHLTPEE-NRFANRHFSA-N,5.11995792388916,0.0
Q6YMS6,WVXRAFOPTSTNLL-NKWVEPMBSA-N,5.094595432281494,0.0
Q6YMS6,ZXFQRFXLFWWKLX-UHFFFAOYSA-N,4.7011566162109375,0.0
Q6YMS6,JFIOVJDNOJYLKP-UHFFFAOYSA-N,5.002691268920898,0.0
Q6YMS6,RMSWMRJVUJSDGN-UHFFFAOYSA-N,6.726188659667969,0.0
Q6YMS6,HPLNQCPCUACXLM-PGUFJCEWSA-N,4.884924411773682,0.0
Q6YMS6,SRPXSILJHWNFMK-MEDUHNTESA-N,5.534819602966309,0.0
Q6YMS6,IAJOMYABKVAZCN-AATRIKPKSA-N,6.264650344848633,0.0
Q6YMS6,HKVAMNSJSFKALM-GKUWKFKPSA-N,5.484787940979004,0.0
Q6YMS6,RWWYLEGWBNMMLJ-YSOARWBDSA-N,4.722194671630859,0.0
Q6YMS6,FMHQJXGMLMSMLC-WBUYAQKGSA-N,4.636126518249512,0.0
Q6YMS6,OVRBKKLFIRJPKY-UHFFFAOYSA-N,7.7045087814331055,0.0
Q6YMS6,GMJFVGRUYJHMCO-UHFFFAOYSA-N,5.2110209465026855,0.0
Q6YMS6,BSMCAPRUBJMWDF-KRWDZBQOSA-N,4.996610641479492,0.0
Q6YMS6,GFBKORZTTCHDGY-UWVJOHFNSA-N,5.3238677978515625,0.0
Q6YMS6,AHOUBRCZNHFOSL-YOEHRIQHSA-N,4.946537971496582,0.0
Q6YMS6,QHADVLVFMKEIIP-UHFFFAOYSA-N,5.876151084899902,0.0
Q6YMS6,HVXKQKFEHMGHSL-GOOCMWNKSA-N,6.687421798706055,0.0
Q6YMS6,NFSKEXQRNDSSAN-NSHDSACASA-N,4.970751762390137,0.0
Q6YMS6,DPHUWDIXHNQOSY-UHFFFAOYSA-N,5.479824066162109,0.0
Q6YMS6,JLYAXFNOILIKPP-KXQOOQHDSA-N,5.63114595413208,0.0
Q6YMS6,XWFCFMXQTBGXQW-GOSISDBHSA-N,5.872292518615723,0.0
Q6YMS6,PSXOKXJMVRSARX-SCSAIBSYSA-N,5.697543621063232,0.0
Q6YMS6,USZYSDMBJDPRIF-SVEJIMAYSA-N,5.482326507568359,0.0
Q6YMS6,LLCRBOWRJOUJAE-UHFFFAOYSA-N,5.979833602905273,0.0
Q6YMS6,IPWKIXLWTCNBKN-ZCFIWIBFSA-N,4.751151084899902,0.0
Q6YMS6,CQVAQQNDZCZBSU-UHFFFAOYSA-N,6.124567985534668,0.0
Q6YMS6,RUJBDQSFYCKFAA-HNNXBMFYSA-N,6.459935188293457,0.0
Q6YMS6,MGSNWNLPMHXGDD-DFWOJPNQSA-N,4.72683048248291,0.0
Q6YMS6,IPQVTOJGNYVQEO-UHFFFAOYSA-N,4.999545097351074,0.0
Q6YMS6,OJICYBSWSZGRFB-UHFFFAOYSA-N,6.01009464263916,0.0
Q6YMS6,YVUQSNJEYSNKRX-UHFFFAOYSA-N,6.519147872924805,0.0
Q6YMS6,ZHKNLJLMDFQVHJ-RUZDIDTESA-N,5.282891273498535,0.0
Q6YMS6,GNRIZKKCNOBBMO-UHFFFAOYSA-N,5.922732353210449,0.0
Q6YMS6,CXQHYVUVSFXTMY-UHFFFAOYSA-N,5.251826286315918,0.0
Q6YMS6,QPGHEZZVRGUCDN-UHFFFAOYSA-N,5.080533981323242,0.0
Q6YMS6,MHDPPLULTMGBSI-UUOKFMHZSA-N,4.649423599243164,0.0
Q6YMS6,ZFSXZJXLKAJIGS-UHFFFAOYSA-N,6.104374885559082,0.0
Q6YMS6,NOWRLNPOENZFHP-ARHDFHRDSA-N,5.24874210357666,0.0
Q6YMS6,VHEJZMZHDUPRNV-UZYVYHOESA-N,5.688300609588623,0.0
Q6YMS6,MNHDKMDLOJSCGN-UHFFFAOYSA-N,5.79805326461792,0.0
Q6YMS6,AVDSOVJPJZVBTC-UHFFFAOYSA-N,4.839779376983643,0.0
Q6YMS6,BPLVDYJDAVYLRQ-UHFFFAOYSA-N,4.712456703186035,0.0
Q6YMS6,IJMBOKOTALXLKS-UHFFFAOYSA-N,5.576372146606445,0.0
Q6YMS6,OOUGLTULBSNHNF-UHFFFAOYSA-N,5.399478435516357,0.0
Q6YMS6,RGTPDNXJDCPXAB-UHFFFAOYSA-N,6.734411239624023,0.0
Q6YMS6,HSJFYRYGGKLQBT-UHFFFAOYSA-N,4.546116828918457,0.0
Q6YMS6,GQYIWUVLTXOXAJ-UHFFFAOYSA-N,5.113851547241211,0.0
Q6YMS6,BIIVYFLTOXDAOV-YVEFUNNKSA-N,5.399285793304443,0.0
Q6YMS6,QVFVAKQHELFATN-UHFFFAOYSA-N,5.003643035888672,0.0
Q6YMS6,ZFUDULLGKXSPPH-UHFFFAOYSA-N,5.633930206298828,0.0
Q6YMS6,WSTUJEXAPHIEIM-UHFFFAOYSA-N,4.602251052856445,0.0
Q6YMS6,CDKNUFNIFGPFSF-AYVLZSQQSA-N,5.032662868499756,0.0
Q6YMS6,UEQUQVLFIPOEMF-UHFFFAOYSA-N,6.574213027954102,0.0
Q6YMS6,MRFOPLWJZULAQD-SWGQDTFXSA-N,5.494795322418213,0.0
Q6YMS6,QRGHOAATPOLDPF-BYICEURKSA-N,7.249513626098633,0.0
Q6YMS6,WZRCQWQRFZITDX-UHFFFAOYSA-N,5.733523845672607,0.0
Q6YMS6,KMUNHOKTIVSFRA-KXFIGUGUSA-N,8.206292152404785,0.0
Q6YMS6,RCLQNICOARASSR-SECBINFHSA-N,4.976570129394531,0.0
Q6YMS6,RJMUSRYZPJIFPJ-UHFFFAOYSA-N,4.749734878540039,0.0
Q6YMS6,LAGYWHSFHIMTPE-UHFFFAOYSA-N,7.210899353027344,0.0
Q6YMS6,TTZHDVOVKQGIBA-IQWMDFIBSA-N,5.780045032501221,0.0
Q6YMS6,CIKWKGFPFXJVGW-UHFFFAOYSA-N,4.675149917602539,0.0
Q6YMS6,IMOZEMNVLZVGJZ-QGZVFWFLSA-N,4.421140193939209,0.0
Q6YMS6,LTXREWYXXSTFRX-QGZVFWFLSA-N,6.291979789733887,0.0
Q6YMS6,QVNZBDLTUKCPGJ-SHQCIBLASA-N,5.205707550048828,0.0
Q6YMS6,MMSNEKOTSJRTRI-LLVKDONJSA-N,6.542088508605957,0.0
Q6YMS6,XACKNLSZYYIACO-DJLDLDEBSA-N,7.714468955993652,0.0
Q6YMS6,LLVZBTWPGQVVLW-SNAWJCMRSA-N,4.832455635070801,0.0
Q6YMS6,WYXSYVWAUAUWLD-SHUUEZRQSA-N,6.224179267883301,0.0
Q6YMS6,ZADGGFKUEYIBJC-UHFFFAOYSA-N,5.116027355194092,0.0
Q6YMS6,WVLHHLRVNDMIAR-IBGZPJMESA-N,6.209749221801758,0.0
Q6YMS6,PTJGLFIIZFVFJV-UHFFFAOYSA-N,6.226964950561523,0.0
Q6YMS6,XRVDGNKRPOAQTN-FQEVSTJZSA-N,4.913488864898682,0.0
Q6YMS6,YANGEESWIGIKOP-UUWRZZSWSA-N,5.398683547973633,0.0
Q6YMS6,AFYOQRIZFPJUAR-UBTCORFISA-N,4.704167366027832,0.0
Q6YMS6,FILYHFFLMZBUSY-UHFFFAOYSA-N,5.072905540466309,0.0
Q6YMS6,QLLGKCJUPWYJON-HLTSFMKQSA-N,6.544903755187988,0.0
Q6YMS6,JBSNALXXNTWUEC-SFQUDFHCSA-N,5.453619003295898,0.0
Q6YMS6,DDNCQMVWWZOMLN-IRLDBZIGSA-N,6.610077857971191,0.0
Q6YMS6,FIHJKUPKCHIPAT-AHIGJZGOSA-N,6.370985984802246,0.0
Q6YMS6,PWZUUYSISTUNDW-VAFBSOEGSA-N,6.741031646728516,0.0
Q6YMS6,QNAYBMKLOCPYGJ-REOHCLBHSA-N,4.860483646392822,0.0
Q6YMS6,LUOUCHOLMUUZBO-SVSXJNCISA-N,4.3711323738098145,0.0
Q6YMS6,JRNJNYBQQYBCLE-UHFFFAOYSA-N,7.447628021240234,0.0
Q6YMS6,IJWPAFMIFNSIGD-UHFFFAOYSA-N,6.863930702209473,0.0
Q6YMS6,MJZJYWCQPMNPRM-UHFFFAOYSA-N,5.135180473327637,0.0
Q6YMS6,YLJOVCWVJCDPLN-UHFFFAOYSA-N,6.881364822387695,0.0
Q6YMS6,WGMASVSHOSNKMF-UHFFFAOYSA-N,4.941517353057861,0.0
Q6YMS6,WOVKYSAHUYNSMH-RRKCRQDMSA-N,4.869842529296875,0.0
Q6YMS6,QGYGTMZEJNOHNU-UHFFFAOYSA-N,5.70004940032959,0.0
Q6YMS6,UHQFBTAJFNVZIV-UHFFFAOYSA-N,6.15779972076416,0.0
Q6YMS6,AYUNIORJHRXIBJ-TXHRRWQRSA-N,5.067953109741211,0.0
Q6YMS6,YOVVNQKCSKSHKT-HNNXBMFYSA-N,5.4040727615356445,0.0
Q6YMS6,PHEZJEYUWHETKO-UHFFFAOYSA-N,5.7375335693359375,0.0
Q6YMS6,BMQGVNUXMIRLCK-OAGWZNDDSA-N,5.915295600891113,0.0
Q6YMS6,FHFYDNQZQSQIAI-UHFFFAOYSA-N,4.389333724975586,0.0
Q6YMS6,FGTCROZDHDSNIO-UHFFFAOYSA-N,4.925904273986816,0.0
Q6YMS6,DDYJDIHOSRTMSE-DHZHZOJOSA-N,5.849153518676758,0.0
Q6YMS6,ZATDYQOGSPTLBG-UHFFFAOYSA-N,5.40488338470459,0.0
Q6YMS6,SGTNSNPWRIOYBX-UHFFFAOYSA-N,6.2361650466918945,0.0
Q6YMS6,PGSRKJVMAOWDEC-SXOMAYOGSA-N,6.730696678161621,0.0
Q6YMS6,OTVAEFIXJLOWRX-NXEZZACHSA-N,6.8290300369262695,0.0
Q6YMS6,OKBVVJOGVLARMR-QSWIMTSFSA-N,5.065347671508789,0.0
Q6YMS6,NNBGCSGCRSCFEA-UHFFFAOYSA-N,5.995120048522949,0.0
Q6YMS6,MAVDNGWEBZTACC-HNNXBMFYSA-N,5.684587001800537,0.0
Q6YMS6,GZTMFRUGZMZCRD-CFBAGHHKSA-N,5.16800594329834,0.0
Q6YMS6,MKPLKVHSHYCHOC-AHTXBMBWSA-N,5.989295959472656,0.0
Q6YMS6,SFOADSRLCHRTKT-UHFFFAOYSA-R,5.312220096588135,0.0
Q6YMS6,BTUDYMZUFKDIFZ-FHEMDEPNSA-N,5.243930816650391,0.0
Q6YMS6,GYLDXIAOMVERTK-UHFFFAOYSA-N,4.80831241607666,0.0
Q6YMS6,AAFJXZWCNVJTMK-UHFFFAOYSA-N,5.223524570465088,0.0
Q6YMS6,NZCRJKRKKOLAOJ-XRCRFVBUSA-N,6.047056198120117,0.0
Q6YMS6,PKCDDUHJAFVJJB-UHFFFAOYSA-N,5.2265729904174805,0.0
Q6YMS6,YASAKCUCGLMORW-UHFFFAOYSA-N,5.336059093475342,0.0
Q6YMS6,DQOYUDHAZMAVLD-UHFFFAOYSA-N,5.791745662689209,0.0
Q6YMS6,VMKVDAAFMQKZJS-LFIBNONCSA-N,5.300620079040527,0.0
Q6YMS6,LSPANGZZENHZNJ-UHFFFAOYSA-N,4.785576820373535,0.0
Q6YMS6,ZJVFLBOZORBYFE-UHFFFAOYSA-N,4.460971355438232,0.0
Q6YMS6,FGJIDQWRRLDGDB-CPIXEKRISA-N,5.107871055603027,0.0
Q6YMS6,QGQFNQWZHHSZIC-UHFFFAOYSA-N,6.44007682800293,0.0
Q6YMS6,DCRWIATZWHLIPN-QGZVFWFLSA-N,5.964305877685547,0.0
Q6YMS6,VZYCZNZBPPHOFY-UHFFFAOYSA-N,5.64078950881958,0.0
Q6YMS6,RYMZZMVNJRMUDD-HGQWONQESA-N,5.744840621948242,0.0
Q6YMS6,QPDYBCZNGUJZDK-DNQXCXABSA-N,7.333865165710449,0.0
Q6YMS6,XCPGHVQEEXUHNC-UHFFFAOYSA-N,5.98069953918457,0.0
Q6YMS6,UKNVCOILWOLTLJ-UHFFFAOYSA-N,6.624554634094238,0.0
Q6YMS6,CFBUZOUXXHZCFB-UHFFFAOYSA-N,5.062272071838379,0.0
Q6YMS6,ILBRKJBKDGCSCB-UHFFFAOYSA-N,4.981411457061768,0.0
Q6YMS6,SYWHXTATXSMDSB-GSLJADNHSA-N,4.496822357177734,0.0
Q6YMS6,MHDPPLULTMGBSI-UHFFFAOYSA-N,4.693203926086426,0.0
Q6YMS6,ZUZPCOQWSYNWLU-VIFPVBQESA-N,7.095473289489746,0.0
Q6YMS6,QADHLRWLCPCEKT-LOVVWNRFSA-N,5.43461799621582,0.0
Q6YMS6,HVFLCNVBZFFHBT-ZKDACBOMSA-N,5.48259162902832,0.0
Q6YMS6,SMQXDOVGKKMUIZ-UHFFFAOYSA-N,5.192788124084473,0.0
Q6YMS6,CMJCXYNUCSMDBY-ZDUSSCGKSA-N,6.41609001159668,0.0
Q6YMS6,RXBWRFDZXRAEJT-SZNOJMITSA-N,9.532423973083496,0.0
Q6YMS6,XEEQGYMUWCZPDN-UHFFFAOYSA-N,6.120440483093262,0.0
Q6YMS6,MRUDSZSRLQAPOG-UHFFFAOYSA-N,5.043296813964844,0.0
Q6YMS6,MJIHNNLFOKEZEW-RUZDIDTESA-N,6.824272155761719,0.0
Q6YMS6,CSMVOZKEWSOFER-UHFFFAOYSA-N,4.580202579498291,0.0
Q6YMS6,YEASNVKEKVHQLR-UHFFFAOYSA-N,5.913102149963379,0.0
Q6YMS6,JQBKWZPHJOEQAO-DVPVEWDBSA-N,5.001264572143555,0.0
Q6YMS6,OIZSVTOIBNSVOS-UHFFFAOYSA-N,5.03593635559082,0.0
Q6YMS6,VLCYCQAOQCDTCN-UHFFFAOYSA-N,5.185150146484375,0.0
Q6YMS6,TYZROVQLWOKYKF-ZDUSSCGKSA-N,5.70206356048584,0.0
Q6YMS6,AKLMFDDQCHURPW-ISIOAQNYSA-N,5.547368049621582,0.0
Q6YMS6,UBQYURCVBFRUQT-UHFFFAOYSA-N,5.257322311401367,0.0
Q6YMS6,GLBJJMFZWDBELO-UHFFFAOYSA-N,4.815651893615723,0.0
Q6YMS6,JQXXHWHPUNPDRT-WLSIYKJHSA-N,5.55207633972168,0.0
Q6YMS6,XMAYWYJOQHXEEK-OZXSUGGESA-N,5.049851894378662,0.0
Q6YMS6,QQOBRRFOVWGIMD-OJAKKHQRSA-N,5.141502857208252,0.0
Q6YMS6,FJZZPCZKBUKGGU-AUSIDOKSSA-N,5.27271842956543,0.0
Q6YMS6,VWFCHDSQECPREK-LURJTMIESA-N,6.16215705871582,0.0
Q6YMS6,GJXWDTUCERCKIX-UHFFFAOYSA-N,4.984607696533203,0.0
Q6YMS6,GQNZGCARKRHPOH-RQIKCTSVSA-N,8.068647384643555,0.0
Q6YMS6,NJSMWLQOCQIOPE-OCHFTUDZSA-N,5.066792011260986,0.0
Q6YMS6,XZEUAXYWNKYKPL-URLMMPGGSA-N,4.937755107879639,0.0
Q6YMS6,RVWNMGKSNGWLOL-GIIHNPQRSA-N,6.499595642089844,0.0
Q6YMS6,CYCXZGUVPDRYLG-FQEVSTJZSA-N,6.957027435302734,0.0
Q6YMS6,OGJPXUAPXNRGGI-UHFFFAOYSA-N,4.713335037231445,0.0
Q6YMS6,HHCBMISMPSAZBF-UHFFFAOYSA-N,6.771614074707031,0.0
Q6YMS6,LVXJQMNHJWSHET-AATRIKPKSA-N,5.420148849487305,0.0
Q6YMS6,JDUBGYFRJFOXQC-KRWDZBQOSA-N,5.982524871826172,0.0
Q6YMS6,MUOKSQABCJCOPU-UHFFFAOYSA-N,5.980051040649414,0.0
Q6YMS6,BHYRGODCLWGHQG-LCBDOTBSSA-N,5.534886360168457,0.0
Q6YMS6,CNTMOLDWXSVYKD-PSRNMDMQSA-N,6.432285308837891,0.0
Q6YMS6,YNWCUCSDUMVJKR-UHFFFAOYSA-N,5.81651496887207,0.0
Q6YMS6,BIAVGWDGIJKWRM-FQEVSTJZSA-N,5.606368064880371,0.0
Q6YMS6,KJNNWYBAOPXVJY-UHFFFAOYSA-N,4.979600429534912,0.0
Q6YMS6,ZLHFILGSQDJULK-UHFFFAOYSA-N,6.596548080444336,0.0
Q6YMS6,BYRVKDUQDLJUBX-JJCDCTGGSA-N,5.019636631011963,0.0
Q6YMS6,CMLUGNQVANVZHY-POURPWNDSA-N,5.900238990783691,0.0
Q6YMS6,OGIAVRWXUPYGGC-UHFFFAOYSA-N,6.524374961853027,0.0
Q6YMS6,WMBWREPUVVBILR-WIYYLYMNSA-N,5.7350358963012695,0.0
Q6YMS6,DSLCRNMTGWECHB-AMHTUMDSSA-N,6.572576522827148,0.0
Q6YMS6,DHZBEENLJMYSHQ-XCVPVQRUSA-N,5.27584171295166,0.0
Q6YMS6,BAYYCLWCHFVRLV-UHFFFAOYSA-N,6.660569190979004,0.0
Q6YMS6,FWYSMLBETOMXAG-QHCPKHFHSA-N,6.623586654663086,0.0
Q6YMS6,MAUYWACILHVRLR-UHFFFAOYSA-N,4.860116004943848,0.0
Q6YMS6,JZAMQDDHRXHDFR-UHFFFAOYSA-N,6.499751091003418,0.0
Q6YMS6,QFJCIRLUMZQUOT-HPLJOQBZSA-N,4.660110950469971,0.0
Q6YMS6,MPYLDWFDPHRTEG-PAAYLBSLSA-N,5.197449684143066,0.0
Q6YMS6,MJJALKDDGIKVBE-UHFFFAOYSA-N,5.128284931182861,0.0
Q6YMS6,UPJSUQWHUVLLNW-XMMPIXPASA-N,5.293116569519043,0.0
Q6YMS6,GBTODAKMABNGIJ-VWLOTQADSA-N,5.687109470367432,0.0
Q6YMS6,AOCCBINRVIKJHY-UHFFFAOYSA-N,5.350027084350586,0.0
Q6YMS6,RTGDFNSFWBGLEC-SYZQJQIISA-N,5.592871189117432,0.0
Q6YMS6,BCGWQEUPMDMJNV-UHFFFAOYSA-N,5.1892900466918945,0.0
Q6YMS6,BHELIUBJHYAEDK-OAIUPTLZSA-N,4.873305320739746,0.0
Q6YMS6,AKUJBENLRBOFTD-RPRRAYFGSA-N,4.60546875,0.0
Q6YMS6,OKFDRAHPFKMAJH-UHFFFAOYSA-N,4.867219924926758,0.0
Q6YMS6,KPQZUUQMTUIKBP-UHFFFAOYSA-N,5.456348419189453,0.0
Q6YMS6,HCIBTBXNLVOFER-UHFFFAOYSA-N,4.686359405517578,0.0
Q6YMS6,BNRNXUUZRGQAQC-UHFFFAOYSA-N,6.096282005310059,0.0
Q6YMS6,RTHCYVBBDHJXIQ-INIZCTEOSA-N,5.649458885192871,0.0
Q6YMS6,AUZONCFQVSMFAP-UHFFFAOYSA-N,5.6974287033081055,0.0
Q6YMS6,FEJKLNWAOXSSNR-UHFFFAOYSA-N,4.464874744415283,0.0
Q6YMS6,RJKFOVLPORLFTN-LEKSSAKUSA-N,5.467733860015869,0.0
Q6YMS6,XEFQLINVKFYRCS-UHFFFAOYSA-N,5.295026779174805,0.0
Q6YMS6,QZVNQOLPLYWLHQ-ZEQKJWHPSA-N,4.733165740966797,0.0
Q6YMS6,PZUJQWHTIRWCID-HXUWFJFHSA-N,7.82103157043457,0.0
Q6YMS6,CJXAEXPPLWQRFR-UHFFFAOYSA-N,7.857514381408691,0.0
Q6YMS6,HKGUHEGKBLYKHY-QMOZSOIISA-N,6.812990188598633,0.0
Q6YMS6,LSHVYAFMTMFKBA-TZIWHRDSSA-N,5.5483856201171875,0.0
Q6YMS6,DBOZSKOENGSGEJ-UHFFFAOYSA-N,5.624337196350098,0.0
Q6YMS6,YKFWMDHZMQLWBO-UHFFFAOYSA-N,5.879375457763672,0.0
Q6YMS6,KVSKGMLNBAPGKH-UHFFFAOYSA-N,6.605917930603027,0.0
Q6YMS6,BIZCZAJFIUSFDU-UHFFFAOYSA-N,7.013079643249512,0.0
Q6YMS6,NRJKIOCCERLIDG-GOSISDBHSA-N,6.681648254394531,0.0
Q6YMS6,RHRAMPXHWHSKQB-GGEUKFTFSA-N,4.637362957000732,0.0
Q6YMS6,CJPLEFFCVDQQFZ-UHFFFAOYSA-N,5.013248443603516,0.0
Q6YMS6,UQRORFVVSGFNRO-UTINFBMNSA-N,5.172770023345947,0.0
Q6YMS6,VLULRUCCHYVXOH-UHFFFAOYSA-N,4.499245643615723,0.0
Q6YMS6,GTUIRORNXIOHQR-VIFPVBQESA-N,4.567049026489258,0.0
Q6YMS6,NPJIOCBFOAHEDO-AVWFULIKSA-N,5.301822185516357,0.0
Q6YMS6,HUASEDVYRABWCV-NDEPHWFRSA-N,4.978549480438232,0.0
Q6YMS6,SVYRYFAUQHVGAI-BMWLXYDHSA-N,5.668798446655273,0.0
Q6YMS6,VNFPBHJOKIVQEB-UHFFFAOYSA-N,6.584342956542969,0.0
Q6YMS6,GKIRPKYJQBWNGO-OCEACIFDSA-N,5.847931861877441,0.0
Q6YMS6,DENYZIUJOTUUNY-MRXNPFEDSA-N,6.290640830993652,0.0
Q6YMS6,ADFCQWZHKCXPAJ-GFCCVEGCSA-N,5.374648094177246,0.0
Q6YMS6,AXNGJCOYCMDPQG-UHFFFAOYSA-N,5.618894577026367,0.0
Q6YMS6,BPZSYCZIITTYBL-YJYMSZOUSA-N,6.2505645751953125,0.0
Q6YMS6,XQFRJNBWHJMXHO-RRKCRQDMSA-N,6.299790382385254,0.0
Q6YMS6,IDUMOVRJNBNOTR-BIZLIJPVSA-N,5.515700340270996,0.0
Q6YMS6,WNGFKUOERJDDIY-OQLLNIDSSA-N,4.635549545288086,0.0
Q6YMS6,DCDXHGMCXGHXBM-PMACEKPBSA-N,4.445728778839111,0.0
Q6YMS6,ZPBLNADJHWHOEP-UHFFFAOYSA-N,4.535696983337402,0.0
Q6YMS6,JHBIMJKLBUMNAU-UHFFFAOYSA-N,5.727515697479248,0.0
Q6YMS6,RJCWBNBKOKFWNY-IDPLTSGASA-N,5.560544013977051,0.0
Q6YMS6,YJQPYGGHQPGBLI-KGSXXDOSSA-N,5.140871047973633,0.0
Q6YMS6,PMXCMJLOPOFPBT-HNNXBMFYSA-N,5.046911716461182,0.0
Q6YMS6,XUBOMFCQGDBHNK-UHFFFAOYSA-N,4.630987644195557,0.0
Q6YMS6,WCWSTNLSLKSJPK-LKFCYVNXSA-N,8.740081787109375,0.0
Q6YMS6,KJHKTHWMRKYKJE-SUGCFTRWSA-N,9.659157752990723,0.0
Q6YMS6,VRQVVMDWGGWHTJ-CQSZACIVSA-N,6.362512588500977,0.0
Q6YMS6,FVIZARNDLVOMSU-IRFFNABBSA-N,5.076441287994385,0.0
Q6YMS6,JWLGQCCDUJFFDB-ASDXVTRWSA-N,5.637839317321777,0.0
Q6YMS6,XGXOSJSGDNPEEF-NRFANRHFSA-N,5.205272674560547,0.0
Q6YMS6,BYPIURIATSUHDW-UHFFFAOYSA-N,4.61257266998291,0.0
Q6YMS6,LDYMIBZOCSHLBG-UHFFFAOYSA-N,5.938603401184082,0.0
Q6YMS6,XOZUGNYVDXMRKW-AATRIKPKSA-N,5.060305595397949,0.0
Q6YMS6,SUBDBMMJDZJVOS-UHFFFAOYSA-N,5.766750335693359,0.0
Q6YMS6,STZYTFJPGGDRJD-FJJJPKKESA-N,5.543615341186523,0.0
Q6YMS6,DWYRIWUZIJHQKQ-SANMLTNESA-N,7.174749374389648,0.0
Q6YMS6,KYGZCKSPAKDVKC-UHFFFAOYSA-N,4.37101411819458,0.0
Q6YMS6,HSVTZTOFRYKVEA-KGWLDMEJSA-N,6.265093803405762,0.0
Q6YMS6,RFIXURDMUINBMD-UHFFFAOYSA-N,4.894195556640625,0.0
Q6YMS6,SOLUWJRYJLAZCX-LYOVBCGYSA-N,6.855950355529785,0.0
Q6YMS6,YJQZYXCXBBCEAQ-ACJLOTCBSA-N,5.607593536376953,0.0
Q6YMS6,COVZYZSDYWQREU-UHFFFAOYSA-N,5.107381820678711,0.0
Q6YMS6,IPMQOGDSJZQLFX-BIBZJUPHSA-N,7.562848091125488,0.0
Q6YMS6,HWXVIOGONBBTBY-ONEGZZNKSA-N,4.934841156005859,0.0
Q6YMS6,LVASCWIMLIKXLA-LSDHHAIUSA-N,4.912275314331055,0.0
Q6YMS6,PWAUCHMQEXVFJR-PMAPCBKXSA-N,4.9790568351745605,0.0
Q6YMS6,KXMZDGSRSGHMMK-VWLOTQADSA-N,4.953705787658691,0.0
Q6YMS6,MHXGEROHKGDZGO-UHFFFAOYSA-N,5.639535427093506,0.0
Q6YMS6,IWVRVEIKCBFZNF-UHFFFAOYSA-N,4.784388065338135,0.0
Q6YMS6,INAAIJLSXJJHOZ-UHFFFAOYSA-N,5.793318748474121,0.0
Q6YMS6,NSHPHXHGRHSMIK-JRIKCGFMSA-N,5.3672194480896,0.0
Q6YMS6,JSPUCPNQXKTYRO-LWILDLIXSA-N,6.073614120483398,0.0
Q6YMS6,RNLQIBCLLYYYFJ-UHFFFAOYSA-N,5.415990829467773,0.0
Q6YMS6,HOKDBMAJZXIPGC-MRXNPFEDSA-N,6.090886116027832,0.0
Q6YMS6,WUWFMDMBOJLQIV-UHFFFAOYSA-N,6.031679153442383,0.0
Q6YMS6,LOUPRKONTZGTKE-LHHVKLHASA-N,4.822744369506836,0.0
Q6YMS6,HWKQYGBAAMKHDY-UHFFFAOYSA-N,5.445684432983398,0.0
Q6YMS6,DADASRPKWOGKCU-FVTQAUBDSA-N,7.745748519897461,0.0
Q6YMS6,MDLAAYDRRZXJIF-UHFFFAOYSA-N,5.739109039306641,0.0
Q6YMS6,WYUSVOMTXWRGEK-HBWVYFAYSA-N,5.354824066162109,0.0
Q6YMS6,VPTONMHDLLMOOV-UHFFFAOYSA-N,6.392716407775879,0.0
Q6YMS6,WNAQOLSMVPFGTE-UHFFFAOYSA-N,5.786160469055176,0.0
Q6YMS6,GMVPRGQOIOIIMI-DWKJAMRDSA-N,4.775363922119141,0.0
Q6YMS6,JUZYLCPPVHEVSV-LJQANCHMSA-N,8.173416137695312,0.0
Q6YMS6,ZISJNXNHJRQYJO-CMDGGOBGSA-N,4.223321914672852,0.0
Q6YMS6,BJDCWCLMFKKGEE-ISOSDAIHSA-N,6.059429168701172,0.0
Q6YMS6,IWIVCNVLSKNJJS-VLMZJYNESA-N,4.577219009399414,0.0
Q6YMS6,JAYAGJDXJIDEKI-PTGWOZRBSA-N,6.632789611816406,0.0
Q6YMS6,LHNIIDJUOCFXAP-UHFFFAOYSA-N,6.568844795227051,0.0
Q6YMS6,CTQMJYWDVABFRZ-UHFFFAOYSA-N,4.943658828735352,0.0
Q6YMS6,WLOHNSSYAXHWNR-DWIOZXRMSA-N,5.333237648010254,0.0
Q6YMS6,AAKJLRGGTJKAMG-UHFFFAOYSA-N,5.142375946044922,0.0
Q6YMS6,JETQIUPBHQNHNZ-NJBDSQKTSA-N,4.390287399291992,0.0
Q6YMS6,HSNUXANXVHLGQT-HXUWFJFHSA-N,4.791721343994141,0.0
Q6YMS6,VPBYZLCHOKSGRX-UHFFFAOYSA-N,5.2492218017578125,0.0
Q6YMS6,SIMWTRCFFSTNMG-AWEZNQCLSA-N,5.945431709289551,0.0
Q6YMS6,RSPDBEVKURKEII-ZCFIWIBFSA-N,6.463015556335449,0.0
Q6YMS6,POERAARDVFVDLO-QGZVFWFLSA-N,4.897540092468262,0.0
Q6YMS6,ZHJGWYRLJUCMRT-QGZVFWFLSA-N,5.772716522216797,0.0
Q6YMS6,AQHHHDLHHXJYJD-UHFFFAOYSA-N,5.989605903625488,0.0
Q6YMS6,GZUITABIAKMVPG-UHFFFAOYSA-N,5.321437835693359,0.0
Q6YMS6,XZAFZXJXZHRNAQ-STQMWFEESA-N,5.11274528503418,0.0
Q6YMS6,DALKLAYLIPSCQL-YPYQNWSCSA-N,4.95510721206665,0.0
Q6YMS6,FNDDDNOJWPQCBZ-ZDUSSCGKSA-N,5.965945243835449,0.0
Q6YMS6,SGDBTWWWUNNDEQ-LBPRGKRZSA-N,5.198565483093262,0.0
Q6YMS6,AQLVRTWKJDTWQQ-SDBHATRESA-N,5.739990234375,0.0
Q6YMS6,QMGGMESMCJCABO-JARXUMMXSA-N,5.399599075317383,0.0
Q6YMS6,HHJUWIANJFBDHT-KOTLKJBCSA-N,4.983365535736084,0.0
Q6YMS6,WVUNYSQLFKLYNI-AATRIKPKSA-N,6.603414535522461,0.0
Q6YMS6,ATLJNLYIJOCWJE-CWMZOUAVSA-N,5.252448081970215,0.0
Q6YMS6,IRSCQMHQWWYFCW-UHFFFAOYSA-N,5.69352388381958,0.0
Q6YMS6,SUJUHGSWHZTSEU-FYBSXPHGSA-N,7.773398399353027,0.0
Q6YMS6,UJRRDDHEMZLWFI-UHFFFAOYSA-N,6.37364387512207,0.0
Q6YMS6,LTDOHCZUKCZDEQ-BJOHPYRUSA-N,5.036558151245117,0.0
Q6YMS6,KHOITXIGCFIULA-UHFFFAOYSA-N,5.096711158752441,0.0
Q6YMS6,CXGTZJYQWSUFET-IBGZPJMESA-N,5.503133773803711,0.0
Q6YMS6,GNDPAVKYAUIVEB-ZROIWOOFSA-N,5.484242916107178,0.0
Q6YMS6,OHRURASPPZQGQM-GCCNXGTGSA-N,5.531928062438965,0.0
Q6YMS6,RITAVMQDGBJQJZ-FMIVXFBMSA-N,5.774001121520996,0.0
Q6YMS6,GMIZZEXBPRLVIV-SECBINFHSA-N,6.803468704223633,0.0
Q6YMS6,ASSNCSVJAZEMQG-UHFFFAOYSA-N,6.318794250488281,0.0
Q6YMS6,DJUFPMUQJKWIJB-UHFFFAOYSA-N,6.607913970947266,0.0
Q6YMS6,BUXNKFNNJJTLOS-UHFFFAOYSA-N,4.907540798187256,0.0
Q6YMS6,PQLXHQMOHUQAKB-UHFFFAOYSA-N,5.777789115905762,0.0
Q6YMS6,LRKDYEMHDRMUKA-XJDOXCRVSA-N,6.946653366088867,0.0
Q6YMS6,KMNLXCBYBKHKSK-BKMJKUGQSA-N,5.549186706542969,0.0
Q6YMS6,DDFOUSQFMYRUQK-RCDICMHDSA-N,5.1234588623046875,0.0
Q6YMS6,PXSOHRWMIRDKMP-UHFFFAOYSA-N,5.661472320556641,0.0
Q6YMS6,SYOKIDBDQMKNDQ-XWTIBIIYSA-N,5.985579490661621,0.0
Q6YMS6,VFUXSYAXEKYYMB-UHFFFAOYSA-N,6.466050148010254,0.0
Q6YMS6,MKUXAQIIEYXACX-UHFFFAOYSA-N,4.850374221801758,0.0
Q6YMS6,ULSDMUVEXKOYBU-ZDUSSCGKSA-N,5.809388160705566,0.0
Q6YMS6,NOECSYBNZHIVHW-LKADTRSGSA-N,4.9730143547058105,0.0
Q6YMS6,NKDFYOWSKOHCCO-YPVLXUMRSA-N,4.858529090881348,0.0
Q6YMS6,NNULBSISHYWZJU-LLKWHZGFSA-N,4.520036220550537,0.0
Q6YMS6,HGVNLRPZOWWDKD-UHFFFAOYSA-N,5.872401237487793,0.0
Q6YMS6,XOKJUSAYZUAMGJ-WOUKDFQISA-N,4.863515377044678,0.0
Q6YMS6,OCJYIGYOJCODJL-UHFFFAOYSA-N,5.825595855712891,0.0
Q6YMS6,GABVDWALKPAUEQ-UHFFFAOYSA-M,5.632489204406738,0.0
Q6YMS6,MJMVUQNNSOBCGF-UHFFFAOYSA-N,5.160392761230469,0.0
Q6YMS6,ZOCKGBMQLCSHFP-KQRAQHLDSA-N,5.417165756225586,0.0
Q6YMS6,DSDNAKHZNJAGHN-MXTYGGKSSA-N,5.509040355682373,0.0
Q6YMS6,JYRHGXXQSIPDDP-IACUBPJLSA-N,4.647792816162109,0.0
Q6YMS6,LWQQLNNNIPYSNX-UROSTWAQSA-N,5.487493515014648,0.0
Q6YMS6,QRXOZHSEEGNRFC-ZYHUDNBSSA-N,6.155824661254883,0.0
Q6YMS6,SPMVMDHWKHCIDT-UHFFFAOYSA-N,5.2436323165893555,0.0
Q6YMS6,UCFGDBYHRUNTLO-QHCPKHFHSA-N,5.345655918121338,0.0
Q6YMS6,CTMCWCONSULRHO-UHQPFXKFSA-N,6.414674758911133,0.0
Q6YMS6,UNJFKXSSGBWRBZ-BJCIPQKHSA-N,5.360037803649902,0.0
Q6YMS6,AHBKIEXBQNRDNL-FVCOMRFXSA-N,5.286832809448242,0.0
Q6YMS6,JTNIHNJCRCYZSU-IVZQSRNASA-N,5.644237518310547,0.0
Q6YMS6,SSLKKMZJCJBOML-UHFFFAOYSA-N,5.255573272705078,0.0
Q6YMS6,WINHZLLDWRZWRT-ATVHPVEESA-N,5.289166450500488,0.0
Q6YMS6,ANUCDXCTICZJRH-UHFFFAOYSA-N,5.888018608093262,0.0
Q6YMS6,RBTBFTRPCNLSDE-UHFFFAOYSA-N,5.721822738647461,0.0
Q6YMS6,ZXBCLVSLRUWISJ-UHFFFAOYSA-N,5.953287124633789,0.0
Q6YMS6,VDGXZSSDCDPCRF-UHFFFAOYSA-N,5.33001708984375,0.0
Q6YMS6,UXZFQZANDVDGMM-UHFFFAOYSA-N,5.079261779785156,0.0
Q6YMS6,XXSMGPRMXLTPCZ-UHFFFAOYSA-N,4.861943244934082,0.0
Q6YMS6,CGTADGCBEXYWNE-JUKNQOCSSA-N,4.598128318786621,0.0
Q6YMS6,ZWBTYMGEBZUQTK-PVLSIAFMSA-N,5.699930191040039,0.0
Q6YMS6,KKZJGLLVHKMTCM-UHFFFAOYSA-N,6.022411346435547,0.0
Q6YMS6,GOCUUDXEOKIQRU-IXDOHACOSA-N,6.131391525268555,0.0
Q6YMS6,DKOQGJHPHLTOJR-WHRDSVKCSA-N,5.204861164093018,0.0
Q6YMS6,HJORMJIFDVBMOB-UHFFFAOYSA-N,6.026342391967773,0.0
Q6YMS6,VLPADTBFADIFKG-UHFFFAOYSA-N,4.591802597045898,0.0
Q6YMS6,PRXZOPNJRFEGRH-UHFFFAOYSA-N,4.770746231079102,0.0
Q6YMS6,OZSXWXGDJLBJQO-UHFFFAOYSA-N,5.207399845123291,0.0
Q6YMS6,VMDUABMKBUKKPG-UHFFFAOYSA-N,5.113731384277344,0.0
Q6YMS6,VHXNKPBCCMUMSW-FQEVSTJZSA-N,5.68544864654541,0.0
Q6YMS6,QTRALMGDQMIVFF-UHFFFAOYSA-N,5.653002738952637,0.0
Q6YMS6,CNIJVNPIIHWRRP-UHFFFAOYSA-N,5.016749382019043,0.0
Q6YMS6,WDFKMLRRRCGAKS-UHFFFAOYSA-N,5.099753379821777,0.0
Q6YMS6,JLUPGSPHOGFEOB-WQLSENKSSA-N,4.363502502441406,0.0
Q6YMS6,WJRRGYBTGDJBFX-UHFFFAOYSA-N,6.212028503417969,0.0
Q6YMS6,JCYZMTMYPZHVBF-UHFFFAOYSA-N,5.275112152099609,0.0
Q6YMS6,VXHRQVMQVYQGQG-UHFFFAOYSA-N,5.553380966186523,0.0
Q6YMS6,AEOCXXJPGCBFJA-UHFFFAOYSA-N,6.8111982345581055,0.0
Q6YMS6,KMIPKYQIOVAHOP-YLGJWRNMSA-N,4.854704856872559,0.0
Q6YMS6,GZKLJWGUPQBVJQ-UHFFFAOYSA-N,5.809195518493652,0.0
Q6YMS6,MBBCVAKAJPKAKM-UHFFFAOYSA-N,5.12631893157959,0.0
Q6YMS6,IBDYYOQKQCCSDP-QFIPXVFZSA-N,4.850651264190674,0.0
Q6YMS6,HJXPKHCLLLRQDL-HFCXZPKYSA-N,5.385335445404053,0.0
Q6YMS6,JURYTIUJMYPBNN-GKCIPKSASA-N,4.378779411315918,0.0
Q6YMS6,HBOMLICNUCNMMY-XLPZGREQSA-N,5.517138481140137,0.0
Q6YMS6,QNLWMPLUWMWDMQ-YTTGMZPUSA-N,5.003047943115234,0.0
Q6YMS6,ODUOJXZPIYUATO-UHFFFAOYSA-N,5.556171894073486,0.0
Q6YMS6,QWKAUGRRIXBIPO-UHFFFAOYSA-N,5.790379524230957,0.0
Q6YMS6,OZOGDCZJYVSUBR-UHFFFAOYSA-N,5.126928806304932,0.0
Q6YMS6,CVAKNHIXTWLGJO-UHFFFAOYSA-N,5.043637752532959,0.0
Q6YMS6,WEEYASWRWODDTJ-ZDUSSCGKSA-N,5.761427879333496,0.0
Q6YMS6,GXXLUDOKHXEFBQ-YJFSRANCSA-N,5.107176303863525,0.0
Q6YMS6,XNULRSOGWPFPBL-REWPJTCUSA-N,6.245809555053711,0.0
Q6YMS6,GXCZZAKPGMYPDJ-UHFFFAOYSA-N,5.935858726501465,0.0
Q6YMS6,WKLGNFJHVJIZPK-UHFFFAOYSA-N,4.950984954833984,0.0
Q6YMS6,IFFPICMESYHZPQ-UHFFFAOYSA-N,5.783414840698242,0.0
Q6YMS6,RPTUSVTUFVMDQK-UHFFFAOYSA-N,4.693177223205566,0.0
Q6YMS6,UIWZIDIJCUEOMT-UHFFFAOYSA-N,6.248852729797363,0.0
Q6YMS6,GAWOVNGQYQVFLI-UHFFFAOYSA-N,4.626650810241699,0.0
Q6YMS6,VMEJANRODATDOF-UHFFFAOYSA-N,5.085666179656982,0.0
Q6YMS6,VEPKQEUBKLEPRA-UHFFFAOYSA-N,5.398333549499512,0.0
Q6YMS6,MHFRGQHAERHWKZ-UHFFFAOYSA-N,5.136697769165039,0.0
Q6YMS6,URCVCIZFVQDVPM-UHFFFAOYSA-N,4.7172770500183105,0.0
Q6YMS6,SBMNVHIVWGXGAG-HOFKKMOUSA-N,5.208907127380371,0.0
Q6YMS6,SUXQDLLXIBLQHW-UHFFFAOYSA-N,5.0670623779296875,0.0
Q6YMS6,BZGHPHUNZKSCKZ-UHFFFAOYSA-N,5.048110008239746,0.0
Q6YMS6,NEMNPWINWMHUMR-UHFFFAOYSA-N,5.06315803527832,0.0
Q6YMS6,HPIUHDCRVYDAEJ-UHFFFAOYSA-N,5.80089807510376,0.0
Q6YMS6,KNHLHFDFFDCJJR-NXEZZACHSA-N,4.880800724029541,0.0
Q6YMS6,AECDBHGVIIRMOI-UHFFFAOYSA-N,6.569923400878906,0.0
Q6YMS6,PBHFNBQPZCRWQP-AZUAARDMSA-N,5.916097640991211,0.0
Q6YMS6,GWFOVSGRNGAGDL-FSDSQADBSA-N,4.923840522766113,0.0
Q6YMS6,BLUAFEHZUWYNDE-NNWCWBAJSA-N,6.460822105407715,0.0
Q6YMS6,IHIUGIVXARLYHP-UXNJHFGPSA-N,5.522538185119629,0.0
Q6YMS6,RXTHKWVSXOIHJS-UHFFFAOYSA-N,4.520186424255371,0.0
Q6YMS6,MXWZRRPNVLCHMY-UHFFFAOYSA-N,5.570301532745361,0.0
Q6YMS6,FUWFSXZKBMCSKF-ZASNTINBSA-N,6.124600410461426,0.0
Q6YMS6,MAFACRSJGNJHCF-UHFFFAOYSA-N,4.662482261657715,0.0
Q6YMS6,SNUDIPVBUUXCDG-QHSBEEBCSA-N,4.939161777496338,0.0
Q6YMS6,YOQPCWIXYUNEET-UHFFFAOYSA-N,4.891226768493652,0.0
Q6YMS6,WBSWOKCKZUNHQV-ZETCQYMHSA-N,4.854851722717285,0.0
Q6YMS6,STQGQHZAVUOBTE-VGBVRHCVSA-N,5.938158988952637,0.0
Q6YMS6,PWVXXGRKLHYWKM-LJQANCHMSA-N,6.29042911529541,0.0
Q6YMS6,BYKBUQDQTLDNLE-KBPBESRZSA-N,5.128140449523926,0.0
Q6YMS6,YIMHGPSYDOGBPI-IQQSWPBXSA-N,4.991138458251953,0.0
Q6YMS6,XPNMCDYOYIKVGB-CONSDPRKSA-N,4.883131980895996,0.0
Q6YMS6,OWEGWHBOCFMBLP-UHFFFAOYSA-N,5.36784553527832,0.0
Q6YMS6,KJVQYDYPDFFJMP-UHFFFAOYSA-N,5.89457893371582,0.0
Q6YMS6,VJLRLTSXTLICIR-UHFFFAOYSA-N,5.184630393981934,0.0
Q6YMS6,ZGUGWUXLJSTTMA-UHFFFAOYSA-N,6.138361930847168,0.0
Q6YMS6,LRMJAFKKJLRDLE-UHFFFAOYSA-N,6.472295761108398,0.0
Q6YMS6,LNGNTCFORRWFSF-DVTGEIKXSA-N,4.450329303741455,0.0
Q6YMS6,DWZAEMINVBZMHQ-UHFFFAOYSA-N,6.147713661193848,0.0
Q6YMS6,HTAFVGKAHGNWQO-UHFFFAOYSA-N,4.5098981857299805,0.0
Q6YMS6,DHRSMTKISIZCET-VYXZUABCSA-N,5.704007148742676,0.0
Q6YMS6,ANZIOUQAFBXNHU-UHFFFAOYSA-N,5.883304595947266,0.0
Q6YMS6,MSHZHSPISPJWHW-PVDLLORBSA-N,6.763056755065918,0.0
Q6YMS6,MPMZSZMDCRPSRF-UHFFFAOYSA-N,6.759340286254883,0.0
Q6YMS6,BTTNOGHPGJANSW-IBGZPJMESA-N,7.760370254516602,0.0
Q6YMS6,BVAHPPKGOOJSPU-UHFFFAOYSA-N,6.122150421142578,0.0
Q6YMS6,AYCPARAPKDAOEN-LJQANCHMSA-N,5.048567771911621,0.0
Q6YMS6,DOMWKUIIPQCAJU-LJHIYBGHSA-N,5.4491777420043945,0.0
Q6YMS6,FASDKYOPVNHBLU-ZETCQYMHSA-N,5.187522888183594,0.0
Q6YMS6,RXZMYLDMFYNEIM-UHFFFAOYSA-N,5.03151798248291,0.0
Q6YMS6,VQJHOPSWBGJHQS-UHFFFAOYSA-N,6.216999053955078,0.0
Q6YMS6,JYJKOWWSKTWAJA-RTWAWAEBSA-N,5.162514686584473,0.0
Q6YMS6,SDUQYLNIPVEERB-QPPQHZFASA-N,6.287812232971191,0.0
Q6YMS6,KASDHRXLYQOAKZ-XDSKOBMDSA-N,5.022123336791992,0.0
Q6YMS6,ROWSTIYZUWEOMM-UHFFFAOYSA-N,4.889134883880615,0.0
Q6YMS6,SFLSHLFXELFNJZ-QMMMGPOBSA-N,4.983290672302246,0.0
Q6YMS6,HNTGDFCASLOZEZ-PGDDNOQISA-N,5.094018936157227,0.0
Q6YMS6,OHUHVTCQTUDPIJ-JYCIKRDWSA-N,5.290743827819824,0.0
Q6YMS6,BXNMTOQRYBFHNZ-UHFFFAOYSA-N,5.095933437347412,0.0
Q6YMS6,GCWIQUVXWZWCLE-INIZCTEOSA-N,6.4015913009643555,0.0
Q6YMS6,AFSDNFLWKVMVRB-UHFFFAOYSA-N,5.590508460998535,0.0
Q6YMS6,QLUYMIVVAYRECT-OCCSQVGLSA-N,5.31304407119751,0.0
Q6YMS6,DVNQWYLVSNPCJZ-UHFFFAOYSA-N,6.148679733276367,0.0
Q6YMS6,NNTYBKTXMKBRFA-CQSZACIVSA-N,5.289577484130859,0.0
Q6YMS6,WBKHQQZRHCECKK-UHFFFAOYSA-N,6.28895378112793,0.0
Q6YMS6,KLCCMMSKRMSMKI-QVNMXXJYSA-N,4.5882110595703125,0.0
Q6YMS6,ORDHXXHTBUZRCN-NTEUORMPSA-N,5.695008277893066,0.0
Q6YMS6,VMZMNAABQBOLAK-DBILLSOUSA-N,7.489989280700684,0.0
Q6YMS6,RYBJORHCUPVNMB-UHFFFAOYSA-N,6.803199768066406,0.0
Q6YMS6,VAZAPHZUAVEOMC-UHFFFAOYSA-N,4.806903839111328,0.0
Q6YMS6,YZCUMZWULWOUMD-NDEPHWFRSA-N,7.442618370056152,0.0
Q6YMS6,BTZCSXIUAFVRTE-CHGLIHOBSA-N,5.536382675170898,0.0
Q6YMS6,XDBHURGONHZNJF-UHFFFAOYSA-N,4.9667205810546875,0.0
Q6YMS6,BUGYDGFZZOZRHP-UHFFFAOYSA-N,5.034188270568848,0.0
Q6YMS6,XPIJWUTXQAGSLK-UHFFFAOYSA-N,4.692235946655273,0.0
Q6YMS6,FGBGXESDYFKUFX-UHFFFAOYSA-N,7.017633438110352,0.0
Q6YMS6,UHTHHESEBZOYNR-UHFFFAOYSA-N,5.242584228515625,0.0
Q6YMS6,NFEZZTICAUWDHU-RDTXWAMCSA-N,6.291818618774414,0.0
Q6YMS6,VMDWTZZCNDEKIO-CBNJBKGYSA-N,6.2925262451171875,0.0
Q6YMS6,LDEKQSIMHVQZJK-CAQYMETFSA-N,5.696123123168945,0.0
Q6YMS6,CYXKNKQEMFBLER-UHFFFAOYSA-N,5.286096096038818,0.0
Q6YMS6,LKCWBDHBTVXHDL-RMDFUYIESA-N,4.744675636291504,0.0
Q6YMS6,ACWZRVQXLIRSDF-UHFFFAOYSA-N,5.05589485168457,0.0
Q6YMS6,HSQAARMBHJCUOK-UHFFFAOYSA-N,5.397944450378418,0.0
Q6YMS6,GWVJLVHNKMLXRM-RPWUZVMVSA-N,6.283596038818359,0.0
Q6YMS6,XDUOTWNXVDBCDY-VOTSOKGWSA-N,5.136447906494141,0.0
Q6YMS6,HZCWPKGYTCJSEB-UHFFFAOYSA-N,5.001277923583984,0.0
Q6YMS6,JAHDAIPFBPPQHQ-GDLZYMKVSA-N,6.286678314208984,0.0
Q6YMS6,KQXDHUJYNAXLNZ-XQSDOZFQSA-N,5.210006237030029,0.0
Q6YMS6,RADMJHVVIZTENA-UHFFFAOYSA-N,4.972169876098633,0.0
Q6YMS6,SJFBTAPEPRWNKH-CCKFTAQKSA-N,5.206854820251465,0.0
Q6YMS6,AKLMUGFDGONMAA-UHFFFAOYSA-N,6.922961235046387,0.0
Q6YMS6,ZFVRYNYOPQZKDG-UHFFFAOYSA-N,4.9404706954956055,0.0
Q6YMS6,RILWUTQZRXWBOB-GIDUJCDVSA-N,5.357094764709473,0.0
Q6YMS6,RVAQIUULWULRNW-UHFFFAOYSA-N,4.583740234375,0.0
Q6YMS6,UPALIKSFLSVKIS-UHFFFAOYSA-N,5.7428693771362305,0.0
Q6YMS6,FASLTMSUPQDLIB-MHZLTWQESA-N,5.417363166809082,0.0
Q6YMS6,HRJWTAWVFDCTGO-UHFFFAOYSA-N,5.745802402496338,0.0
Q6YMS6,MCMSJVMUSBZUCN-UHFFFAOYSA-N,5.578086853027344,0.0
Q6YMS6,DKVNAGXPRSYHLB-UHFFFAOYSA-N,4.54489803314209,0.0
Q6YMS6,YMVWGSQGCWCDGW-UHFFFAOYSA-N,4.63071870803833,0.0
Q6YMS6,OEKXCVYZBVOWBR-BQYQJAHWSA-N,5.725683212280273,0.0
Q6YMS6,ZAJXXUDARPGGOC-UHFFFAOYSA-N,5.553269863128662,0.0
Q6YMS6,SEDUMQWZEOMXSO-UHFFFAOYSA-N,5.396001815795898,0.0
Q6YMS6,IJTPLVAAROHGGB-UHFFFAOYSA-N,4.814382553100586,0.0
Q6YMS6,KJEBULYHNRNJTE-DHZHZOJOSA-N,4.4379777908325195,0.0
Q6YMS6,DLPIYBKBHMZCJI-WBVHZDCISA-N,5.93498420715332,0.0
Q6YMS6,UWJUQVWARXYRCG-HIFRSBDPSA-N,6.318055152893066,0.0
Q6YMS6,CDOOFZZILLRUQH-GDLZYMKVSA-N,6.518865585327148,0.0
Q6YMS6,FLSUCZWOEMTFAQ-PRBGKLEPSA-N,4.524466037750244,0.0
Q6YMS6,JLPYLHLUHJOPNL-UHFFFAOYSA-N,4.853973865509033,0.0
Q6YMS6,ZCOLJUOHXJRHDI-CMWLGVBASA-N,4.629911422729492,0.0
Q6YMS6,LITNEAPWQHVPOK-FFSVYQOJSA-N,4.747623443603516,0.0
Q6YMS6,XUKUURHRXDUEBC-KAYWLYCHSA-N,5.278812408447266,0.0
Q6YMS6,XBJBPGROQZJDOJ-UHFFFAOYSA-N,7.257696151733398,0.0
Q6YMS6,WDDPHFBMKLOVOX-AYQXTPAHSA-N,5.5202789306640625,0.0
Q6YMS6,DBRXOUCRJQVYJQ-CKNDUULBSA-N,4.751359939575195,0.0
Q6YMS6,NSYZCCDSJNWWJL-YXOIYICCSA-N,5.023899078369141,0.0
Q6YMS6,ULGZDMOVFRHVEP-RWJQBGPGSA-N,4.966540336608887,0.0
Q6YMS6,ZDZOTLJHXYCWBA-VCVYQWHSSA-N,5.487939834594727,0.0
Q6YMS6,XFCLJVABOIYOMF-QPLCGJKRSA-N,5.255912780761719,0.0
Q6YMS6,KSOVGRCOLZZTPF-QMKUDKLTSA-N,7.474555969238281,0.0
Q6YMS6,VOJLELRQLPENHL-UHFFFAOYSA-N,4.5843186378479,0.0
Q6YMS6,ONJQDTZCDSESIW-UHFFFAOYSA-N,6.16512393951416,0.0
Q6YMS6,AIUJHENHBJHHMY-UHFFFAOYSA-N,6.482785224914551,0.0
Q6YMS6,MNABRWLVTSGIMU-FQEVSTJZSA-N,4.455461502075195,0.0
Q6YMS6,QZUCKCLSVBFSOS-INIZCTEOSA-N,5.1167707443237305,0.0
Q6YMS6,ONKUMRGIYFNPJW-KIEAKMPYSA-N,5.709475517272949,0.0
Q6YMS6,GDCJHDUWWAKBIW-UHFFFAOYSA-N,5.480067253112793,0.0
Q6YMS6,BMGQWWVMWDBQGC-IIFHNQTCSA-N,5.221219062805176,0.0
Q6YMS6,MAYQIFVKVAUMPD-UHFFFAOYSA-N,5.4840617179870605,0.0
Q6YMS6,YNCLPFSAZFGQCD-UHFFFAOYSA-N,4.6726393699646,0.0
Q6YMS6,JPOJKNJIKXMZRB-UHFFFAOYSA-N,4.991341590881348,0.0
Q6YMS6,XPPBBJCBDOEXDN-UHFFFAOYSA-N,6.439220428466797,0.0
Q6YMS6,GMIZZEXBPRLVIV-UHFFFAOYSA-N,6.781339645385742,0.0
Q6YMS6,OLCWFLWEHWLBTO-HSZRJFAPSA-N,7.9165754318237305,0.0
Q6YMS6,OJSFTALXCYKKFQ-YLJYHZDGSA-N,4.878236293792725,0.0
Q6YMS6,NOIIUHRQUVNIDD-UHFFFAOYSA-N,5.274499416351318,0.0
Q6YMS6,NAMOLZVVTPNNTE-UHFFFAOYSA-N,6.1060638427734375,0.0
Q6YMS6,PZFAZQUREQIODZ-LJQANCHMSA-N,5.603087425231934,0.0
Q6YMS6,WHTVZRBIWZFKQO-UHFFFAOYSA-N,4.207480430603027,0.0
Q6YMS6,DGWUVKLBXCWNTA-UHFFFAOYSA-N,6.06273078918457,0.0
Q6YMS6,WXJFKKQWPMNTIM-VWLOTQADSA-N,4.780885696411133,0.0
Q6YMS6,RDALZZCKQFLGJP-UHFFFAOYSA-N,6.56191349029541,0.0
Q6YMS6,GFUITADOEPNRML-SJORKVTESA-N,4.927006244659424,0.0
Q6YMS6,GBABOYUKABKIAF-IELIFDKJSA-N,6.774466514587402,0.0
Q6YMS6,BGJMKHPWCFXMOW-UHFFFAOYSA-N,5.4386420249938965,0.0
Q6YMS6,DBESQBZOXMCXPV-UHFFFAOYSA-N,5.421372890472412,0.0
Q6YMS6,RYYVLZVUVIJVGH-UHFFFAOYSA-N,5.148069381713867,0.0
Q6YMS6,ZAKKEARLDPTRLX-UHFFFAOYSA-N,5.178601264953613,0.0
Q6YMS6,MDNWOSOZYLHTCG-UHFFFAOYSA-N,4.501572608947754,0.0
Q6YMS6,VDHAWDNDOKGFTD-MRXNPFEDSA-N,5.6295576095581055,0.0
Q6YMS6,ALKJNCZNEOTEMP-UHFFFAOYSA-N,5.989401817321777,0.0
Q6YMS6,ARPYQKTVRGFPIS-VIFPVBQESA-N,5.462324142456055,0.0
Q6YMS6,NMDYYWFGPIMTKO-HBVLKOHWSA-N,5.873873710632324,0.0
Q6YMS6,DSFNLJXHXBIKDS-UHFFFAOYSA-N,5.1053385734558105,0.0
Q6YMS6,JXAGDPXECXQWBC-LJQANCHMSA-N,5.703213691711426,0.0
Q6YMS6,ZOWQTJXNFTWSCS-IAQYHMDHSA-N,5.329998970031738,0.0
Q6YMS6,FBOZXECLQNJBKD-ZDUSSCGKSA-N,5.274722099304199,0.0
Q6YMS6,WIQRCHMSJFFONW-HNNXBMFYSA-N,5.077035903930664,0.0
Q6YMS6,XDZKBRJLTGRPSS-BGZQYGJUSA-N,5.00581169128418,0.0
Q6YMS6,YYCCUFKHCNSRIA-HJWRWDBZSA-N,5.015973091125488,0.0
Q6YMS6,BCEHBSKCWLPMDN-MGPLVRAMSA-N,6.805146217346191,0.0
Q6YMS6,LNMRSSIMGCDUTP-UHFFFAOYSA-N,5.009040832519531,0.0
Q6YMS6,ZLHZLMOSPGACSZ-NSHDSACASA-N,6.8043975830078125,0.0
Q6YMS6,YUAALFPUEOYPNX-UHFFFAOYSA-N,6.677324295043945,0.0
Q6YMS6,WXHHICFWKXDFOW-BJMVGYQFSA-N,5.083198070526123,0.0
Q6YMS6,FOFDIMHVKGYHRU-UHFFFAOYSA-N,4.9657111167907715,0.0
Q6YMS6,JEGHXKRHKHPBJD-UHFFFAOYSA-N,5.156516075134277,0.0
Q6YMS6,XCOWUOOCXCXCNS-UHFFFAOYSA-N,5.283890724182129,0.0
Q6YMS6,WOFMFGQZHJDGCX-ZULDAHANSA-N,5.622102737426758,0.0
Q6YMS6,ZFDATWDBAKWOKP-UHFFFAOYSA-N,5.033815383911133,0.0
Q6YMS6,VERWOWGGCGHDQE-UHFFFAOYSA-N,6.857949256896973,0.0
Q6YMS6,CDJNNOJINJAXPV-UHFFFAOYSA-N,6.814968109130859,0.0
Q6YMS6,HAWWPSYXSLJRBO-UHFFFAOYSA-N,4.9625959396362305,0.0
Q6YMS6,JEYWNNAZDLFBFF-UHFFFAOYSA-N,4.640074253082275,0.0
Q6YMS6,WINXAKJYORVNHU-UHFFFAOYSA-N,4.747005939483643,0.0
Q6YMS6,WDZCUPBHRAEYDL-GZAUEHORSA-N,6.217380523681641,0.0
Q6YMS6,OBJKLVFDRLAGJI-UHFFFAOYSA-N,4.572780609130859,0.0
Q6YMS6,GSWINTXYUFHJGW-UHFFFAOYSA-N,4.859769344329834,0.0
Q6YMS6,NHTKGYOMICWFQZ-BBOXMAMFSA-N,5.019157409667969,0.0
Q6YMS6,MQIRDWDCKACDRZ-DUXPYHPUSA-N,5.2280683517456055,0.0
Q6YMS6,MINDHVHHQZYEEK-HBBNESRFSA-N,5.8934431076049805,0.0
Q6YMS6,WDQPAMHFFCXSNU-UHFFFAOYSA-N,5.035791873931885,0.0
Q6YMS6,UAUIUKWPKRJZJV-QPLHLKROSA-N,5.912426948547363,0.0
Q6YMS6,MNLHFGXIUJNDAF-UHFFFAOYSA-N,6.080724716186523,0.0
Q6YMS6,OSJJYEUEJRVVOD-UHFFFAOYSA-N,5.777329444885254,0.0
Q6YMS6,XIUUSFJTJXFNGH-UHFFFAOYSA-N,6.460789680480957,0.0
Q6YMS6,PTQXTEKSNBVPQJ-UHFFFAOYSA-N,5.549444198608398,0.0
Q6YMS6,FCCNSUIJIOOXEZ-SJYYZXOBSA-N,5.927353858947754,0.0
Q6YMS6,ISJRMOARTUIEPA-UHFFFAOYSA-N,5.545900344848633,0.0
Q6YMS6,OGSBUKJUDHAQEA-WMCAAGNKSA-N,4.905709266662598,0.0
Q6YMS6,JEGGQYICWGMXOZ-GMPMKFSHSA-N,5.625361442565918,0.0
Q6YMS6,FFTVPQUHLQBXQZ-KVUCHLLUSA-N,5.423128128051758,0.0
Q6YMS6,AXTAPYRUEKNRBA-JTQLQIEISA-N,7.466594696044922,0.0
Q6YMS6,WUBBRNOQWQTFEX-UHFFFAOYSA-N,5.415317535400391,0.0
Q6YMS6,WWCIFIOLOMCRET-UHFFFAOYSA-N,5.937220573425293,0.0
Q6YMS6,FNHKPVJBJVTLMP-UHFFFAOYSA-N,4.8355512619018555,0.0
Q6YMS6,CTPKSRZFJSJGML-UHFFFAOYSA-N,5.480009078979492,0.0
Q6YMS6,GQZQCROBCYNTMU-UHFFFAOYSA-N,4.888165473937988,0.0
Q6YMS6,XBPZXDSZHPDXQU-UHFFFAOYSA-N,5.120597839355469,0.0
Q6YMS6,NQPDXQQQCQDHHW-UHFFFAOYSA-N,6.324753761291504,0.0
Q6YMS6,ZBNZXTGUTAYRHI-UHFFFAOYSA-N,6.788824081420898,0.0
Q6YMS6,WIPRQKODGRKUEW-UHFFFAOYSA-N,5.637659072875977,0.0
Q6YMS6,CGGCTVKVZKTIME-JVVVGQRLSA-N,5.420228958129883,0.0
Q6YMS6,ACCFLVVUVBJNGT-AWEZNQCLSA-N,4.709640979766846,0.0
Q6YMS6,ZKIAIYBUSXZPLP-UHFFFAOYSA-N,5.495024681091309,0.0
Q6YMS6,VXYZBLXGCYNIHP-UHFFFAOYSA-N,4.83152961730957,0.0
Q6YMS6,QHMWCHQXCUNUAK-UHFFFAOYSA-N,5.552823066711426,0.0
Q6YMS6,GUBJNPWVIUFSTR-UHFFFAOYSA-N,5.139827728271484,0.0
Q6YMS6,GNMUEVRJHCWKTO-FQEVSTJZSA-N,5.257655143737793,0.0
Q6YMS6,YEOTYALSMRNXLJ-UHFFFAOYSA-N,4.472917556762695,0.0
Q6YMS6,WGOJWDWKHJHXSV-UHFFFAOYSA-N,6.418465614318848,0.0
Q6YMS6,XCPPIJCBCWUBNT-UHFFFAOYSA-N,5.4021382331848145,0.0
Q6YMS6,YJGVMLPVUAXIQN-HAEOHBJNSA-N,4.472718238830566,0.0
Q6YMS6,IYJMSDVSVHDVGT-PEQKVOOWSA-N,8.479841232299805,0.0
Q6YMS6,MJOGWNMYQLVUOU-UHFFFAOYSA-N,6.478532791137695,0.0
Q6YMS6,NYKPKXPWOWUPJV-UHFFFAOYSA-N,5.112180233001709,0.0
Q6YMS6,CUUCCLJJOWSASK-UHFFFAOYSA-N,4.913845062255859,0.0
Q6YMS6,DLGOEMSEDOSKAD-UHFFFAOYSA-N,5.212972640991211,0.0
Q6YMS6,WNJGLNJERJHPBY-XLPZGREQSA-P,5.818328857421875,0.0
Q6YMS6,VMJKUCKTXMESQR-UHFFFAOYSA-N,4.6300153732299805,0.0
Q6YMS6,GAOZTHIDHYLHMS-KEOBGNEYSA-N,5.0484747886657715,0.0
Q6YMS6,VDJHFHXMUKFKET-WDUFCVPESA-N,4.854515075683594,0.0
Q6YMS6,BAFWBNHYBAXTSE-FCHUYYIVSA-N,5.0970563888549805,0.0
Q6YMS6,BEUQXVWXFDOSAQ-UHFFFAOYSA-N,6.990429878234863,0.0
Q6YMS6,MHKAEITVUICXRN-BPGQXAFDSA-N,5.168184280395508,0.0
Q6YMS6,LJIUXAHLYIPHOK-UHFFFAOYSA-N,5.337075233459473,0.0
Q6YMS6,AKJHMTWEGVYYSE-FXILSDISSA-N,4.650058746337891,0.0
Q6YMS6,PQHLRGARXNPFCF-UHFFFAOYSA-N,4.594598770141602,0.0
Q6YMS6,KQOXLKOJHVFTRN-UHFFFAOYSA-N,4.820781707763672,0.0
Q6YMS6,IZZYUABKZYIINT-UHFFFAOYSA-N,5.749628067016602,0.0
Q6YMS6,OPQRBXUBWHDHPQ-UHFFFAOYSA-N,4.951231956481934,0.0
Q6YMS6,SWHNZGMQMGFQGW-MSOLQXFVSA-N,4.5106306076049805,0.0
Q6YMS6,LLVLMYRWABCVEU-UHFFFAOYSA-N,4.790447235107422,0.0
Q6YMS6,RCSLUNOLLUVOOG-NSHDSACASA-N,6.007546424865723,0.0
Q6YMS6,OVCDSSHSILBFBN-UHFFFAOYSA-N,5.577055931091309,0.0
Q6YMS6,LUPHOOKVGNVAFT-UHFFFAOYSA-N,5.805656433105469,0.0
Q6YMS6,UFICVEHDQUKCEA-UHFFFAOYSA-N,5.003693580627441,0.0
Q6YMS6,OBMJQRLIQQTJLR-USGQOSEYSA-N,5.34775972366333,0.0
Q6YMS6,GXQCVUZORDAARJ-UHFFFAOYSA-N,5.356969833374023,0.0
Q6YMS6,PMTSPAGBAFCORP-HBUONDEYSA-N,5.021632194519043,0.0
Q6YMS6,CBGUOGMQLZIXBE-XGQKBEPLSA-N,5.384553909301758,0.0
Q6YMS6,IPVFGAYTKQKGBM-BYPJNBLXSA-N,5.163478851318359,0.0
Q6YMS6,KRTIYQIPSAGSBP-KLAILNCOSA-N,6.143304824829102,0.0
Q6YMS6,HOKDBMAJZXIPGC-INIZCTEOSA-N,6.1574859619140625,0.0
Q6YMS6,SOROUYSPFADXSN-SUWVAFIASA-N,5.837085723876953,0.0
Q6YMS6,WRADPCFZZWXOTI-BMRADRMJSA-N,5.180139541625977,0.0
Q6YMS6,OJZYRQPMEIEQFC-UAWLTFRCSA-N,5.1843953132629395,0.0
Q6YMS6,DZMVCVMFETWNIU-LDYMZIIASA-N,4.780819892883301,0.0
Q6YMS6,RZLHGQLYNZQZQQ-UHFFFAOYSA-N,5.157976150512695,0.0
Q6YMS6,UJCYUJOQBXHJFH-ZBKNUEDVSA-N,4.950160026550293,0.0
Q6YMS6,UCPMSMNKGXUFCC-UHFFFAOYSA-N,5.552798271179199,0.0
Q6YMS6,HNIFCPBQMKPRCX-UHFFFAOYSA-N,7.049198150634766,0.0
Q6YMS6,VHRSUDSXCMQTMA-PJHHCJLFSA-N,4.838866233825684,0.0
Q6YMS6,IHOVFYSQUDPMCN-XAKVHENESA-N,5.015424728393555,0.0
Q6YMS6,YCBAQKQAINQRFW-UGSOOPFHSA-N,4.576631546020508,0.0
Q6YMS6,PLIVFNIUGLLCEK-UHFFFAOYSA-N,5.103991985321045,0.0
Q6YMS6,NOQBAJLIGCZEQP-CREOWZIVSA-N,6.441655158996582,0.0
Q6YMS6,LECZXZOBEZITCL-UHFFFAOYSA-N,5.637955188751221,0.0
Q6YMS6,OVSKGTONMLKNPZ-UHFFFAOYSA-N,4.948713302612305,0.0
Q6YMS6,OGHNVEJMJSYVRP-UHFFFAOYSA-N,5.907581329345703,0.0
Q6YMS6,DFBIRQPKNDILPW-CIVMWXNOSA-N,4.8098039627075195,0.0
Q6YMS6,SPFYMRJSYKOXGV-UHFFFAOYSA-N,7.509686470031738,0.0
Q6YMS6,VHVPQPYKVGDNFY-UHFFFAOYSA-N,7.457818031311035,0.0
Q6YMS6,BGLPECHZZQDNCD-UHFFFAOYSA-N,5.762474060058594,0.0
Q6YMS6,DZSMTMGGLVZZLW-UHFFFAOYSA-N,4.766119003295898,0.0
Q6YMS6,VRDIULHPQTYCLN-UHFFFAOYSA-N,6.49378776550293,0.0
Q6YMS6,SWFXMFDHMPMWMA-UHFFFAOYSA-N,6.450865745544434,0.0
Q6YMS6,GISXTRIGVCKQBX-UHFFFAOYSA-N,5.421424388885498,0.0
Q6YMS6,JHBWYQRKOUBPCA-UHFFFAOYSA-N,4.612607002258301,0.0
Q6YMS6,SZFPYBIJACMNJV-UHFFFAOYSA-N,5.329649925231934,0.0
Q6YMS6,WKDACQVEJIVHMZ-UHFFFAOYSA-N,5.323478698730469,0.0
Q6YMS6,GBVQWZXJDIIUCC-UHFFFAOYSA-N,5.019974708557129,0.0
Q6YMS6,XBEDAMVJWVPVDS-UHFFFAOYSA-N,5.138917922973633,0.0
Q6YMS6,BLSQLHNBWJLIBQ-OZXSUGGESA-N,5.266840934753418,0.0
Q6YMS6,MZGQIBQVSJDWHM-UHFFFAOYSA-N,5.42855167388916,0.0
Q6YMS6,IXXFZUPTQVDPPK-ZAWHAJPISA-N,6.1746826171875,0.0
Q6YMS6,JPLQUMVXDBHHSG-UHFFFAOYSA-N,6.044000625610352,0.0
Q6YMS6,KLBQZWRITKRQQV-UHFFFAOYSA-N,6.043156623840332,0.0
Q6YMS6,SUPVGFZUWFMATN-UHFFFAOYSA-N,5.394432067871094,0.0
Q6YMS6,IPWKIXLWTCNBKN-UHFFFAOYSA-N,4.688351631164551,0.0
Q6YMS6,MPVGZUGXCQEXTM-UHFFFAOYSA-N,5.32108736038208,0.0
Q6YMS6,UWXSAYUXVSFDBQ-CYBMUJFWSA-N,6.121454238891602,0.0
Q6YMS6,OHIUQAZROSYCMC-UHFFFAOYSA-N,6.55881404876709,0.0
Q6YMS6,KVLFRAWTRWDEDF-IRXDYDNUSA-N,4.541748046875,0.0
Q6YMS6,LYHNZWIPSZUYDT-UHFFFAOYSA-N,5.290193557739258,0.0
Q6YMS6,RIKZRSJVZWKHNX-UHFFFAOYSA-N,4.951827049255371,0.0
Q6YMS6,OHUCIUMMEAYVKS-UHFFFAOYSA-N,7.093718528747559,0.0
Q6YMS6,UJEAABFSXKCSGI-UHFFFAOYSA-N,4.604361534118652,0.0
Q6YMS6,SULYVXZZUMRQAX-NSHDSACASA-N,5.292096138000488,0.0
Q6YMS6,VCFBPAOSTLMYIV-SANMLTNESA-N,7.798864364624023,0.0
Q6YMS6,PWHROYKAGRUWDQ-UHFFFAOYSA-N,6.155362129211426,0.0
Q6YMS6,KPBNHDGDUADAGP-VAWYXSNFSA-N,5.014456272125244,0.0
Q6YMS6,IZAOBRWCUGOKNH-OAHLLOKOSA-N,5.3250203132629395,0.0
Q6YMS6,HFHZKZSRXITVMK-UHFFFAOYSA-N,5.468156814575195,0.0
Q6YMS6,ITAMRBIZWGDOHW-UHFFFAOYSA-N,6.486246109008789,0.0
Q6YMS6,WJLQPSZXCOYTHS-UHFFFAOYSA-N,5.548486709594727,0.0
Q6YMS6,OCAXFDULERPAJM-UHFFFAOYSA-N,6.071102142333984,0.0
Q6YMS6,QBSGXIBYUQJHMJ-UHFFFAOYSA-N,4.857572555541992,0.0
Q6YMS6,IFSDAJWBUCMOAH-HNNXBMFYSA-N,6.238856315612793,0.0
Q6YMS6,VXMOONUMYLCFJD-DHLKQENFSA-N,4.677312850952148,0.0
Q6YMS6,ARJCBSRIPGJMAD-LLVKDONJSA-N,6.031790733337402,0.0
Q6YMS6,SBEOBYJLAQKTQX-UHFFFAOYSA-N,5.699883460998535,0.0
Q6YMS6,ZGXJTSGNIOSYLO-UHFFFAOYSA-N,5.731264114379883,0.0
Q6YMS6,BHQCQFFYRZLCQQ-OELDTZBJSA-N,4.419571876525879,0.0
Q6YMS6,QGFORSXNKQLDNO-UHFFFAOYSA-N,5.832648277282715,0.0
Q6YMS6,IWUCXVSUMQZMFG-RGDLXGNYSA-N,4.925293445587158,0.0
Q6YMS6,RZEXSKXQNAZHMZ-GXZIAACASA-N,5.888313293457031,0.0
Q6YMS6,QZPQTZZNNJUOLS-UHFFFAOYSA-N,5.460713863372803,0.0
Q6YMS6,DTGZHCFJNDAHEN-OZEXIGSWSA-N,6.662137031555176,0.0
Q6YMS6,UIRKNQLZZXALBI-MSVGPLKSSA-N,5.415258407592773,0.0
Q6YMS6,CUQJLYFFQBHUGW-UHFFFAOYSA-O,5.375319004058838,0.0
Q6YMS6,ZGRDYKFVDCFJCZ-UHFFFAOYSA-N,6.191014289855957,0.0
Q6YMS6,XZNUJESLPUNSNO-UHFFFAOYSA-N,5.478115081787109,0.0
Q6YMS6,XXVLKDRPHSFIIB-UHFFFAOYSA-N,5.491204738616943,0.0
Q6YMS6,LRHPCRBOMKRVOA-UHFFFAOYSA-N,5.2888875007629395,0.0
Q6YMS6,WEEGYLXZBRQIMU-UHFFFAOYSA-N,5.915449142456055,0.0
Q6YMS6,FJEJHJINOKKDCW-INIZCTEOSA-N,4.896060943603516,0.0
Q6YMS6,CTAHRHRYCPEDSR-UHFFFAOYSA-N,7.741772651672363,0.0
Q6YMS6,CEGSUKYESLWKJP-UHFFFAOYSA-N,5.78193473815918,0.0
Q6YMS6,QHMBSVQNZZTUGM-ZWKOTPCHSA-N,8.144091606140137,0.0
Q6YMS6,SKYPQEVVXGJKIJ-NSHDSACASA-N,5.0089616775512695,0.0
Q6YMS6,XUOAKFNMJMYKBY-UHFFFAOYSA-N,5.54664945602417,0.0
Q6YMS6,RCJYGWGQCPDYSL-HZPDHXFCSA-N,5.321186542510986,0.0
Q6YMS6,XQVVPGYIWAGRNI-JOCHJYFZSA-N,6.402066230773926,0.0
Q6YMS6,RDQSNNMSDOHAPG-UHFFFAOYSA-N,6.770949363708496,0.0
Q6YMS6,XDLYKKIQACFMJG-UHFFFAOYSA-N,7.3838090896606445,0.0
Q6YMS6,NUZMJDHDPVKFJN-TYDXHICZSA-N,4.952622413635254,0.0
Q6YMS6,QTBWCSQGBMPECM-UHFFFAOYSA-N,6.795577049255371,0.0
Q6YMS6,ZOBDWFRKFSPCRB-UNMCSNQZSA-N,5.42807149887085,0.0
Q6YMS6,KTEXNACQROZXEV-PVLRGYAZSA-N,5.542397499084473,0.0
Q6YMS6,ARAIBEBZBOPLMB-UFGQHTETSA-N,7.7777814865112305,0.0
Q6YMS6,YBHNZQJIFKDDHM-UHFFFAOYSA-N,5.421565055847168,0.0
Q6YMS6,UTDAKQMBNSHJJB-CJLVFECKSA-N,5.504020690917969,0.0
Q6YMS6,ZBIAKUMOEKILTF-UHFFFAOYSA-N,5.455957412719727,0.0
Q6YMS6,XZNUGFQTQHRASN-XQENGBIVSA-N,4.830982685089111,0.0
Q6YMS6,WAEXFXRVDQXREF-UHFFFAOYSA-N,6.106924057006836,0.0
Q6YMS6,KGSXMPPBFPAXLY-UHFFFAOYSA-N,5.5760979652404785,0.0
Q6YMS6,PFWVGKROPKKEDW-UHFFFAOYSA-N,7.3879804611206055,0.0
Q6YMS6,WPTTVJLTNAWYAO-KPOXMGGZSA-N,5.00618839263916,0.0
Q6YMS6,RUZYUOTYCVRMRZ-UHFFFAOYSA-N,4.404097557067871,0.0
Q6YMS6,JPTSIWRGXIZEOO-UHFFFAOYSA-N,5.188900947570801,0.0
Q6YMS6,NZHMAQSCHUSSSJ-UHFFFAOYSA-N,5.333324909210205,0.0
Q6YMS6,GWRSATNRNFYMDI-UHFFFAOYSA-N,5.963522911071777,0.0
Q6YMS6,XVAPNQFQPDAROQ-CAPSWCROSA-N,5.851273059844971,0.0
Q6YMS6,YSXKPIUOCJLQIE-UHFFFAOYSA-N,5.187350273132324,0.0
Q6YMS6,RAGOYPUPXAKGKH-XAKZXMRKSA-N,6.337636947631836,0.0
Q6YMS6,UFPFGVNKHCLJJO-SSKFGXFMSA-N,6.568547248840332,0.0
Q6YMS6,VVBFISAUNSXQGZ-UHFFFAOYSA-N,6.378818511962891,0.0
Q6YMS6,YOSHYTLCDANDAN-UHFFFAOYSA-N,5.896583557128906,0.0
Q6YMS6,WTSKMKRYHATLLL-UHFFFAOYSA-N,5.110297203063965,0.0
Q6YMS6,JFIWEPHGRUDAJN-DYUFWOLASA-N,5.1030426025390625,0.0
Q6YMS6,PIMQWRZWLQKKBJ-SFHVURJKSA-N,7.651993751525879,0.0
Q6YMS6,RXWNCPJZOCPEPQ-NVWDDTSBSA-N,5.301640510559082,0.0
Q6YMS6,HOBAELRKJCKHQD-QNEBEIHSSA-N,4.634064674377441,0.0
Q6YMS6,QSPOQCXMGPDIHI-UHFFFAOYSA-N,5.114558219909668,0.0
Q6YMS6,OLNTVTPDXPETLC-XPWALMASSA-N,7.149284362792969,0.0
Q6YMS6,KAKPGJJRYRYSTP-UHFFFAOYSA-N,6.404841423034668,0.0
Q6YMS6,FBSKJMQYURKNSU-ZLSOWSIRSA-N,5.619619369506836,0.0
Q6YMS6,XPEXCFSBFPOSQR-UHFFFAOYSA-N,6.2510223388671875,0.0
Q6YMS6,JYVIMETTWDHLFH-UHFFFAOYSA-N,5.106673240661621,0.0
Q6YMS6,LGFLRHWJJKLPCC-ZDUSSCGKSA-N,5.656339645385742,0.0
Q6YMS6,ACWBQPMHZXGDFX-QFIPXVFZSA-N,5.799795627593994,0.0
Q6YMS6,YYLKOELWSMRYHV-VXLYETTFSA-N,5.529409408569336,0.0
Q6YMS6,FAYAUAZLLLJJGH-UHFFFAOYSA-N,5.766594886779785,0.0
Q6YMS6,FLSUCZWOEMTFAQ-JNCILSLHSA-N,4.534942626953125,0.0
Q6YMS6,ZRJBHWIHUMBLCN-YQEJDHNASA-N,5.404664039611816,0.0
Q6YMS6,VAOCPAMSLUNLGC-UHFFFAOYSA-N,4.974972724914551,0.0
Q6YMS6,MXAYKZJJDUDWDS-LBPRGKRZSA-N,5.3344316482543945,0.0
Q6YMS6,DNTVJEMGHBIUMW-IBGZPJMESA-N,5.926459312438965,0.0
Q6YMS6,NGFFVZQXSRKHBM-FKBYEOEOSA-N,5.903897285461426,0.0
Q6YMS6,UREBDLICKHMUKA-CXSFZGCWSA-N,4.436734199523926,0.0
Q6YMS6,ODUBEYQKYAQFNS-UHFFFAOYSA-N,5.535212516784668,0.0
Q6YMS6,LGGDLPSXAGQFSG-UHFFFAOYSA-N,5.262252330780029,0.0
Q6YMS6,XRYJULCDUUATMC-CYBMUJFWSA-N,5.521834373474121,0.0
Q6YMS6,AMXGKMSRYLZAEO-UHFFFAOYSA-N,4.566201686859131,0.0
Q6YMS6,BSJMWHQBCZFXBR-UHFFFAOYSA-N,4.831631660461426,0.0
Q6YMS6,NDEXUOWTGYUVGA-LJQANCHMSA-N,5.785004615783691,0.0
Q6YMS6,SRVFFFJZQVENJC-IHRRRGAJSA-N,4.530019760131836,0.0
Q6YMS6,POXUJOYUVLWPQN-UHFFFAOYSA-N,5.4222211837768555,0.0
Q6YMS6,GPKJTRJOBQGKQK-UHFFFAOYSA-N,5.29276180267334,0.0
Q6YMS6,PHEDXBVPIONUQT-RGYGYFBISA-N,4.441527366638184,0.0
Q6YMS6,DBOUGBAQLIXZLV-UHFFFAOYSA-N,6.51701545715332,0.0
Q6YMS6,KYLOBHXXQOZRKK-YIONKMFJSA-N,5.584504127502441,0.0
Q6YMS6,LDYMIBZOCSHLBG-QGTPRVQTSA-N,5.938603401184082,0.0
Q6YMS6,CPTBDICYNRMXFX-UHFFFAOYSA-N,4.69976806640625,0.0
Q6YMS6,ZVZRDFTXNAZBOX-UWVGGRQHSA-N,4.8221893310546875,0.0
Q6YMS6,DWDKHTXMLSZGDL-SSEXGKCCSA-N,4.919511795043945,0.0
Q6YMS6,UXAWFWFJXIANHZ-UHFFFAOYSA-N,4.965344429016113,0.0
Q6YMS6,APQPVVOYBLOJDY-UHFFFAOYSA-N,4.985689640045166,0.0
Q6YMS6,NFRPNQDSKJJQGV-UHFFFAOYSA-N,5.610509872436523,0.0
Q6YMS6,OCUQMWSIGPQEMX-UHFFFAOYSA-N,5.7126145362854,0.0
Q6YMS6,ACGUYXCXAPNIKK-UHFFFAOYSA-N,5.348965167999268,0.0
Q6YMS6,JTEGQNOMFQHVDC-NKWVEPMBSA-N,6.625954627990723,0.0
Q6YMS6,QBKSWRVVCFFDOT-UHFFFAOYSA-N,6.947811126708984,0.0
Q6YMS6,NPGNOVNWUSPMDP-HLLBOEOZSA-N,5.142425537109375,0.0
Q6YMS6,YTAOBBFIOAEMLL-REQDGWNSSA-N,5.086803913116455,0.0
Q6YMS6,MHJBZVSGOZTKRH-IZHYLOQSSA-N,5.316928386688232,0.0
Q6YMS6,KIVUHCNVDWYUNP-UHFFFAOYSA-N,4.895947456359863,0.0
Q6YMS6,IDYKCXHJJGMAEV-RRKCRQDMSA-N,5.154438018798828,0.0
Q6YMS6,FJHBVJOVLFPMQE-QFIPXVFZSA-N,5.200334548950195,0.0
Q6YMS6,ANEBWFXPVPTEET-UHFFFAOYSA-N,4.448183536529541,0.0
Q6YMS6,DKULOVKANLVDEA-UHFFFAOYSA-N,5.092434406280518,0.0
Q6YMS6,GUGOEEXESWIERI-UHFFFAOYSA-N,5.084372043609619,0.0
Q6YMS6,NMUSYJAQQFHJEW-KVTDHHQDSA-N,6.672492027282715,0.0
Q6YMS6,IFWMVQUGSGWCRP-UHFFFAOYSA-N,4.994141578674316,0.0
Q6YMS6,RYYNGWLOYLRZLK-RBUKOAKNSA-N,6.079803466796875,0.0
Q6YMS6,IBEANEPZNLVRRY-RCZVLFRGSA-N,4.937467575073242,0.0
Q6YMS6,XQCGNURMLWFQJR-ZNDDOCHDSA-N,4.686812400817871,0.0
Q6YMS6,JLPDBLFIVFSOCC-XYXFTTADSA-N,4.650021553039551,0.0
Q6YMS6,VNIWZCGZPBJWBI-UHFFFAOYSA-N,8.477248191833496,0.0
Q6YMS6,KRVMLPUDAOWOGN-UHFFFAOYSA-N,6.418584823608398,0.0
Q6YMS6,WSEKTEUGRLFBSE-UHFFFAOYSA-N,6.55690860748291,0.0
Q6YMS6,RUXPNBWPIRDVTH-UHFFFAOYSA-N,4.311820030212402,0.0
Q6YMS6,HOGVTUZUJGHKPL-HTVVRFAVSA-N,6.959739685058594,0.0
Q6YMS6,MSCWLMXCFHMGMN-SHUXQVCQSA-N,5.228091239929199,0.0
Q6YMS6,YRYJJIXWWQLGGV-ZWKOTPCHSA-N,5.020782470703125,0.0
Q6YMS6,YYACLQUDUDXAPA-MRXNPFEDSA-N,5.355454921722412,0.0
Q6YMS6,OCAPBUJLXMYKEJ-UHFFFAOYSA-N,4.89735221862793,0.0
Q6YMS6,XEDWWPGWIXPVRQ-UHFFFAOYSA-N,5.3488383293151855,0.0
Q6YMS6,PNUZDKCDAWUEGK-CYZMBNFOSA-N,5.523287296295166,0.0
Q6YMS6,MDFXJBQEWLCGHP-MFOYZWKCSA-N,4.423295021057129,0.0
Q6YMS6,DXDRHHKMWQZJHT-FPYGCLRLSA-N,4.672873497009277,0.0
Q6YMS6,AGOYDEPGAOXOCK-KCBOHYOISA-N,4.7730183601379395,0.0
Q6YMS6,CWHUFRVAEUJCEF-UHFFFAOYSA-N,6.769452095031738,0.0
Q6YMS6,VJXSSYDSOJBUAV-UHFFFAOYSA-N,5.540570259094238,0.0
Q6YMS6,HKDLNTKNLJPAIY-WKWWZUSTSA-N,4.862510681152344,0.0
Q6YMS6,VGYFMXBACGZSIL-MCBHFWOFSA-N,5.935294151306152,0.0
Q6YMS6,DYVIEGCPUPGXOH-HGGPGNIHSA-N,5.047006607055664,0.0
Q6YMS6,AKUJBENLRBOFTD-QZIXMDIESA-N,4.60546875,0.0
Q6YMS6,QYQDKDWGWDOFFU-IUODEOHRSA-N,5.221597671508789,0.0
Q6YMS6,JLGWAGKPIWGUEH-OUKQBFOZSA-N,5.479986190795898,0.0
Q6YMS6,GXDALQBWZGODGZ-UHFFFAOYSA-N,6.413917541503906,0.0
Q6YMS6,WTPSHLVHJOJDIF-UHFFFAOYSA-N,6.604761123657227,0.0
Q6YMS6,RPWFJAMTCNSJKK-UHFFFAOYSA-N,5.9546403884887695,0.0
Q6YMS6,SZQLTQPHXXXMNC-UHFFFAOYSA-N,6.504600524902344,0.0
Q6YMS6,GKIRPKYJQBWNGO-QPLCGJKRSA-N,5.847931861877441,0.0
Q6YMS6,DLMNZGAILMQDHA-UHFFFAOYSA-N,5.248356819152832,0.0
Q6YMS6,KFHYZKCRXNRKRC-MRXNPFEDSA-N,5.084495544433594,0.0
Q6YMS6,MJIALGDLOLWBRQ-MRVPVSSYSA-N,5.107985973358154,0.0
Q6YMS6,PMBHAWNZPPNADR-HNNXBMFYSA-N,4.606217384338379,0.0
Q6YMS6,MWOPHYKKEDTKAZ-HKBQPEDESA-N,5.2871880531311035,0.0
Q6YMS6,VYKKDKFTDMVOBU-UHFFFAOYSA-N,5.441928863525391,0.0
Q6YMS6,XPSQPHWEGNHMSK-SECBINFHSA-N,5.381480693817139,0.0
Q6YMS6,YPHMISFOHDHNIV-FSZOTQKASA-N,5.059248924255371,0.0
Q6YMS6,LOLPPWBBNUVNQZ-UHFFFAOYSA-N,5.560300827026367,0.0
Q6YMS6,CBQJSKKFNMDLON-UHFFFAOYSA-N,6.055944442749023,0.0
Q6YMS6,ODJLBQGVINUMMR-HZXDTFASSA-N,5.7827301025390625,0.0
Q6YMS6,RYBOXBBYCVOYNO-UHFFFAOYSA-N,6.9851789474487305,0.0
Q6YMS6,JTZZSQYMACOLNN-VDWJNHBNSA-N,8.407464027404785,0.0
Q6YMS6,NOMSFNRBXCWAIE-UHFFFAOYSA-N,7.387449264526367,0.0
Q6YMS6,RGCVKNLCSQQDEP-UHFFFAOYSA-N,5.8128662109375,0.0
Q6YMS6,WIKYUJGCLQQFNW-UHFFFAOYSA-N,5.805113315582275,0.0
Q6YMS6,IKKXOSBHLYMWAE-QRPMWFLTSA-N,5.673504829406738,0.0
Q6YMS6,AMEWZCMTSIONOX-UHFFFAOYSA-N,6.542381286621094,0.0
Q6YMS6,BQSJTQLCZDPROO-UHFFFAOYSA-N,4.426782131195068,0.0
Q6YMS6,XPRDUGXOWVXZLL-UHFFFAOYSA-N,5.117081642150879,0.0
Q6YMS6,GYCPCOJTCINIFZ-UHFFFAOYSA-N,6.190000534057617,0.0
Q6YMS6,GBOQUHPYCRYKGV-UHFFFAOYSA-N,6.738986968994141,0.0
Q6YMS6,JIVPVXMEBJLZRO-UHFFFAOYSA-N,5.332015037536621,0.0
Q6YMS6,ZCGNOVWYSGBHAU-UHFFFAOYSA-N,5.1490325927734375,0.0
Q6YMS6,GYNNRVJJLAVVTQ-UHFFFAOYSA-N,5.415462017059326,0.0
Q6YMS6,MWULMTACIBZPGN-UHFFFAOYSA-N,5.675255298614502,0.0
Q6YMS6,MTUYOFGUEXWKLC-UHFFFAOYSA-N,6.021123886108398,0.0
Q6YMS6,JXLYSJRDGCGARV-XQKSVPLYSA-N,5.560214042663574,0.0
Q6YMS6,JOGKUKXHTYWRGZ-UHFFFAOYSA-N,6.30496883392334,0.0
Q6YMS6,NGGMYCMLYOUNGM-CSDLUJIJSA-N,5.615400314331055,0.0
Q6YMS6,IBTISPLPBBHVSU-UVOOVGFISA-N,5.104301929473877,0.0
Q6YMS6,GPTURHKXTUDRPC-UHFFFAOYSA-N,5.090393543243408,0.0
Q6YMS6,ZDXUKAKRHYTAKV-UHFFFAOYSA-N,5.223105430603027,0.0
Q6YMS6,RWZVMMQNDHPRQD-SFTDATJTSA-N,7.453525543212891,0.0
Q6YMS6,LIRYPHYGHXZJBZ-UHFFFAOYSA-N,6.989521026611328,0.0
Q6YMS6,AILRADAXUVEEIR-UHFFFAOYSA-N,5.310271263122559,0.0
Q6YMS6,ZESFDAKNYJQYKO-UHFFFAOYSA-N,4.447474479675293,0.0
Q6YMS6,PHJVBZVDUNTGNR-HSZRJFAPSA-N,5.69449520111084,0.0
Q6YMS6,QRPSQQUYPMFERG-LFYBBSHMSA-N,5.829029083251953,0.0
Q6YMS6,VVRREURVTJNTQQ-UHFFFAOYSA-N,5.804276466369629,0.0
Q6YMS6,RVTSXVZXEGFIPW-UHFFFAOYSA-N,4.725295543670654,0.0
Q6YMS6,NZHGWWWHIYHZNX-CSKARUKUSA-N,6.210431098937988,0.0
Q6YMS6,FJLRGFADCXTJNV-CAWMZFRYSA-N,5.1468658447265625,0.0
Q6YMS6,VJKZUTFFMNSTTD-UHFFFAOYSA-N,5.534210205078125,0.0
Q6YMS6,SXNJFOWDRLKDSF-XKHVUIRMSA-N,5.5960235595703125,0.0
Q6YMS6,JKDLOGLNPDVUCX-UHFFFAOYSA-N,6.101038932800293,0.0
Q6YMS6,YJGVMLPVUAXIQN-XVVDYKMHSA-N,4.472718238830566,0.0
Q6YMS6,PWHNTOQANLCTHN-KRWDZBQOSA-N,5.786553382873535,0.0
Q6YMS6,RWEVIPRMPFNTLO-UHFFFAOYSA-N,5.525580406188965,0.0
Q6YMS6,NXQGEDVQXVTCDA-UHFFFAOYSA-N,4.88761043548584,0.0
Q6YMS6,GVKXFVCXBFGBCD-QKDMMWSPSA-N,6.073917388916016,0.0
Q6YMS6,DUYJMQONPNNFPI-UHFFFAOYSA-N,7.340320587158203,0.0
Q6YMS6,QTNZYVAMNRDUAD-UHFFFAOYSA-N,4.993537902832031,0.0
Q6YMS6,IOMMMLWIABWRKL-WUTDNEBXSA-N,5.906620025634766,0.0
Q6YMS6,GUOQUXNJZHGPQF-UHFFFAOYSA-N,5.047040939331055,0.0
Q6YMS6,VRQMAABPASPXMW-HDICACEKSA-N,5.820201873779297,0.0
Q6YMS6,HWGQMRYQVZSGDQ-HZPDHXFCSA-N,7.137259483337402,0.0
Q6YMS6,ZDRFDHHANOYUTE-IOSLPCCCSA-N,4.840998649597168,0.0
Q6YMS6,OGWKCGZFUXNPDA-XQKSVPLYSA-N,6.7536163330078125,0.0
Q6YMS6,SRVJKTDHMYAMHA-WUXMJOGZSA-N,4.776075839996338,0.0
Q6YMS6,LLYYNOVSVPBRGV-MVNKZKPCSA-N,5.282550811767578,0.0
Q6YMS6,SGOIRFVFHAKUTI-ZCFIWIBFSA-N,6.101131439208984,0.0
Q6YMS6,QGZYDVAGYRLSKP-UHFFFAOYSA-N,5.614924430847168,0.0
Q6YMS6,ARFHIAQFJWUCFH-IZZDOVSWSA-N,5.3264594078063965,0.0
Q6YMS6,GCIKSSRWRFVXBI-UHFFFAOYSA-N,5.632325172424316,0.0
Q6YMS6,QSTYMRMEJNQSJW-FQEVSTJZSA-N,7.005220413208008,0.0
Q6YMS6,PIDANAQULIKBQS-RNUIGHNZSA-N,4.808296203613281,0.0
Q6YMS6,BNVPFDRNGHMRJS-UHFFFAOYSA-N,6.194581985473633,0.0
Q6YMS6,XFILPEOLDIKJHX-QYZOEREBSA-N,5.107704162597656,0.0
Q6YMS6,BDXXSFOJPYSYOC-UHFFFAOYSA-N,5.958860397338867,0.0
Q6YMS6,PXBZKHOQHTVCSQ-QZTJIDSGSA-N,5.377662658691406,0.0
Q6YMS6,ZCTJIMXXSXQXRI-KYJUHHDHSA-N,4.391077041625977,0.0
Q6YMS6,DADASRPKWOGKCU-IHKPOXLFSA-N,8.023842811584473,0.0
Q6YMS6,LMBWSYZSUOEYSN-UHFFFAOYSA-N,5.869811058044434,0.0
Q6YMS6,FVZJIAUYFDQQKJ-DQEYMECFSA-N,4.800044536590576,0.0
Q6YMS6,LILGMDXLRPEBNH-HFZDXXHNSA-N,6.563627243041992,0.0
Q6YMS6,CFOOTBBXHJHHMT-UHFFFAOYSA-N,5.627742767333984,0.0
Q6YMS6,XEZLBMHDUXSICI-UHFFFAOYSA-N,5.296044826507568,0.0
Q6YMS6,SJHLKUDCBZZUEE-DHIUTWEWSA-N,5.534174919128418,0.0
Q6YMS6,CZCHIEJNWPNBDE-UHFFFAOYSA-N,4.85813045501709,0.0
Q6YMS6,AAFJXZWCNVJTMK-GUCUJZIJSA-N,5.146413803100586,0.0
Q6YMS6,HULMNSIAKWANQO-JQKSAQOKSA-N,5.734063625335693,0.0
Q6YMS6,ZJDCGVDEEHWEIG-UHFFFAOYSA-N,5.342621803283691,0.0
Q6YMS6,WPHKIQPVPYJNAX-UHFFFAOYSA-N,5.138014793395996,0.0
Q6YMS6,WEEYMMXMBFJUAI-UHFFFAOYSA-N,5.031887054443359,0.0
Q6YMS6,YZPOQCQXOSEMAZ-UHFFFAOYSA-N,5.1651411056518555,0.0
Q6YMS6,CMIJXZWOIKQHLL-PQQNNWGCSA-N,6.393956184387207,0.0
Q6YMS6,ROMLGDPRVIVYSV-UHFFFAOYSA-N,4.625237464904785,0.0
Q6YMS6,SGTNSNPWRIOYBX-MHZLTWQESA-N,6.261552810668945,0.0
Q6YMS6,QFGMXJOBTNZHEL-UHFFFAOYSA-N,5.083913803100586,0.0
Q6YMS6,SYYBDNPGDKKJDU-ZDUSSCGKSA-N,4.986817359924316,0.0
Q6YMS6,RDUHXGIIUDVSHR-UHFFFAOYSA-N,5.389717102050781,0.0
Q6YMS6,ALQXIMVNPRVWQA-CFVMTHIKSA-N,5.521930694580078,0.0
Q6YMS6,NOZIJMHMKORZBA-KJCUYJGMSA-N,4.932129859924316,0.0
Q6YMS6,HGEYJZMMUGWEOT-UHFFFAOYSA-N,5.859956741333008,0.0
Q6YMS6,DYDCPNMLZGFQTM-UHFFFAOYSA-N,5.8272552490234375,0.0
Q6YMS6,QXRUCDDVUMKOPI-UHFFFAOYSA-N,5.681464195251465,0.0
Q6YMS6,FIMYFEGKMOCQKT-UHFFFAOYSA-N,4.6088762283325195,0.0
Q6YMS6,JWNUBAIGCVTLMJ-UHFFFAOYSA-N,6.06839656829834,0.0
Q6YMS6,HOKDBMAJZXIPGC-UHFFFAOYSA-N,6.1574859619140625,0.0
Q6YMS6,VKSPIPWLHGKJQO-UHFFFAOYSA-N,5.2278900146484375,0.0
Q6YMS6,VFOKSTCIRGDTBR-UHFFFAOYSA-N,6.3213300704956055,0.0
Q6YMS6,OUKYUETWWIPKQR-UHFFFAOYSA-N,6.801362991333008,0.0
Q6YMS6,VWMJHAFYPMOMGF-ZCFIWIBFSA-N,6.843428611755371,0.0
Q6YMS6,LPMXVESGRSUGHW-HBYQJFLCSA-N,5.402849197387695,0.0
Q6YMS6,KPMDCTAAOGEIKO-UHFFFAOYSA-N,5.302660942077637,0.0
Q6YMS6,GWWLWDURRGNSRS-UHFFFAOYSA-N,5.357343673706055,0.0
Q6YMS6,HSGZLFWXBIVLBD-LBPRGKRZSA-N,5.9915056228637695,0.0
Q6YMS6,XKFTZKGMDDZMJI-HSZRJFAPSA-N,4.936183929443359,0.0
Q6YMS6,QAGYKUNXZHXKMR-HKWSIXNMSA-N,6.422676086425781,0.0
Q6YMS6,LPFWVDIFUFFKJU-UHFFFAOYSA-N,5.7277069091796875,0.0
Q6YMS6,MLDQJTXFUGDVEO-UHFFFAOYSA-N,4.83428955078125,0.0
Q6YMS6,VRQXRVAKPDCRCI-ZNMIVQPWSA-N,5.775876045227051,0.0
Q6YMS6,DZMVCVHATYROOS-ZBFGKEHZSA-N,6.818848609924316,0.0
Q6YMS6,HTQMVQVXFRQIKW-UHFFFAOYSA-N,4.751558303833008,0.0
Q6YMS6,MHXVDXXARZCVRK-WCWDXBQESA-N,5.649004936218262,0.0
Q6YMS6,BLMPQMFVWMYDKT-NZTKNTHTSA-N,4.678659439086914,0.0
Q6YMS6,NERXPXBELDBEPZ-RMKNXTFCSA-N,6.1182861328125,0.0
Q6YMS6,NVSWJKWHLUTHLP-CPJSRVTESA-N,5.84816837310791,0.0
Q6YMS6,BBTFKAOFCSOZMB-UHFFFAOYSA-N,4.9221649169921875,0.0
Q6YMS6,YDOIFHVUBCIUHF-UHFFFAOYSA-N,5.820509910583496,0.0
Q6YMS6,ZHAGGRWTJXROKV-HJOGWXRNSA-N,4.692760944366455,0.0
Q6YMS6,HMJIYCCIJYRONP-UHFFFAOYSA-N,5.192272186279297,0.0
Q6YMS6,FONCZICQWCUXEB-RUZDIDTESA-N,5.221311092376709,0.0
Q6YMS6,AYOUDDAETNMCBW-GSHUGGBRSA-N,6.725295066833496,0.0
Q6YMS6,DBQMQBCSKXTCIJ-UHFFFAOYSA-N,5.914279937744141,0.0
Q6YMS6,PCHKPVIQAHNQLW-CQSZACIVSA-N,6.895441055297852,0.0
Q6YMS6,VHOGYURTWQBHIL-UHFFFAOYSA-N,5.481726169586182,0.0
Q6YMS6,VJYKVCURWJGLPG-IQZGDKDPSA-N,4.487386703491211,0.0
Q6YMS6,RANJJVIMTOIWIN-UHFFFAOYSA-N,5.658147811889648,0.0
Q6YMS6,YBHILYKTIRIUTE-UHFFFAOYSA-N,4.780094146728516,0.0
Q6YMS6,ZHOWHMXTJFZXRB-UHFFFAOYSA-N,5.7920026779174805,0.0
Q6YMS6,PKZCOQYQGMAVLN-UHFFFAOYSA-N,5.570484161376953,0.0
Q6YMS6,BHXLLRXDAYEMPP-SBGRAJFYSA-N,5.229892730712891,0.0
Q6YMS6,BDSYKGHYMJNPAB-LICBFIPMSA-N,4.6913347244262695,0.0
Q6YMS6,XRVJPLDTMUSSDE-UHFFFAOYSA-N,6.462563514709473,0.0
Q6YMS6,DHMTURDWPRKSOA-RUZDIDTESA-N,6.034002304077148,0.0
Q6YMS6,MITFXPHMIHQXPI-UHFFFAOYSA-N,5.751659870147705,0.0
Q6YMS6,REOJLIXKJWXUGB-UHFFFAOYSA-N,4.592649459838867,0.0
Q6YMS6,RDXLYGJSWZYTFJ-UHFFFAOYSA-N,6.409003257751465,0.0
Q6YMS6,NCKMMSIFQUPKCK-UHFFFAOYSA-N,5.160954475402832,0.0
Q6YMS6,NOYPYLRCIDNJJB-UHFFFAOYSA-N,5.294521331787109,0.0
Q6YMS6,CTNQAPPDQTYTHM-UHFFFAOYSA-N,4.709146022796631,0.0
Q6YMS6,MQQNFDZXWVTQEH-UHFFFAOYSA-N,4.837409019470215,0.0
Q6YMS6,URLYINUFLXOMHP-HTVVRFAVSA-N,7.469447135925293,0.0
Q6YMS6,BPFYOAJNDMUVBL-UHFFFAOYSA-N,7.424808502197266,0.0
Q6YMS6,KSGCNXAZROJSNW-UHFFFAOYSA-N,5.841581344604492,0.0
Q6YMS6,HXEHCCYOTHDPPI-NBHSMZAVSA-N,5.1682000160217285,0.0
Q6YMS6,BLPUOQGPBJPXRL-FNORWQNLSA-N,5.143075466156006,0.0
Q6YMS6,FJRZOOICEHBAED-UHFFFAOYSA-N,5.183197975158691,0.0
Q6YMS6,WBLXZPHICYCDGN-UHFFFAOYSA-N,6.501656532287598,0.0
Q6YMS6,KJAAEKQTENJMDT-SFECMWDFSA-N,7.3736066818237305,0.0
Q6YMS6,ZSDCIRYNTCVTMF-GIGWZHCTSA-N,5.839572906494141,0.0
Q6YMS6,MYNQXTDIPMCJCR-HUYCHCPVSA-N,5.470069885253906,0.0
Q6YMS6,QJGVXJYGDBSPSJ-UHFFFAOYSA-N,5.269992828369141,0.0
Q6YMS6,MLDQJTXFUGDVEO-FIBGUPNXSA-N,5.052942752838135,0.0
Q6YMS6,RUJBDQSFYCKFAA-OAHLLOKOSA-N,6.55766487121582,0.0
Q6YMS6,BWBONKHPVHMQHE-UHFFFAOYSA-N,4.768582344055176,0.0
Q6YMS6,GKIRPKYJQBWNGO-UHFFFAOYSA-N,5.982163429260254,0.0
Q6YMS6,DPSPPJIUMHPXMA-UHFFFAOYSA-N,5.722238063812256,0.0
Q6YMS6,DFPAKSUCGFBDDF-UHFFFAOYSA-N,6.028775215148926,0.0
Q6YMS6,WQXNXVUDBPYKBA-YFKPBYRVSA-N,6.28550910949707,0.0
Q6YMS6,WOVTUUKKGNHVFZ-UHFFFAOYSA-N,5.866062164306641,0.0
Q6YMS6,SVJMLYUFVDMUHP-UHFFFAOYSA-N,4.974672317504883,0.0
Q6YMS6,ANOGOQXCGBMIJV-UHFFFAOYSA-N,5.503885746002197,0.0
Q6YMS6,JCZYXTVBWHAWLL-UHFFFAOYSA-N,6.845229148864746,0.0
Q6YMS6,QXRSDHAAWVKZLJ-PVYNADRNSA-N,4.697867393493652,0.0
Q6YMS6,ZTFBIUXIQYRUNT-MDWZMJQESA-N,4.664522171020508,0.0
Q6YMS6,UGJWRPJDTDGERK-UHFFFAOYSA-N,5.1720075607299805,0.0
Q6YMS6,LHIALLMPKJMSIQ-NSCUHMNNSA-N,5.257007598876953,0.0
Q6YMS6,DZOJBGLFWINFBF-UMSFTDKQSA-N,5.342291831970215,0.0
Q6YMS6,CZWCKYRVOZZJNM-USOAJAOKSA-N,4.611062049865723,0.0
Q6YMS6,KAZMQKPLIPWQNO-UHFFFAOYSA-N,5.053709983825684,0.0
Q6YMS6,QIPQASLPWJVQMH-DTORHVGOSA-N,4.566000461578369,0.0
Q6YMS6,NKANXQFJJICGDU-QPLCGJKRSA-N,5.706269264221191,0.0
Q6YMS6,LUKBXSAWLPMMSZ-OWOJBTEDSA-N,5.215557098388672,0.0
Q6YMS6,ALANRBCCCQEPFZ-UHFFFAOYSA-N,4.629751682281494,0.0
Q6YMS6,ZEUITGRIYCTCEM-KRWDZBQOSA-N,5.930224418640137,0.0
Q6YMS6,WFTSRDISOMSAQC-ZNFOTRSXSA-N,8.021343231201172,0.0
Q6YMS6,ISSKMEQROMFEHL-UHFFFAOYSA-N,5.775868892669678,0.0
Q6YMS6,KTCJYACFOQWRDO-GOSISDBHSA-N,6.7539873123168945,0.0
Q6YMS6,PWZXTLHDGIBNLG-UHFFFAOYSA-N,4.700133323669434,0.0
Q6YMS6,ZUQBAQVRAURMCL-CVRLYYSRSA-N,6.111717224121094,0.0
Q6YMS6,HJXPKHCLLLRQDL-UHFFFAOYSA-N,5.594080924987793,0.0
Q6YMS6,YHHUQUILBRTPTF-UHFFFAOYSA-N,5.222023963928223,0.0
Q6YMS6,QROONAIPJKQFMC-UHFFFAOYSA-N,5.351827621459961,0.0
Q6YMS6,AZSNMRSAGSSBNP-XPNPUAGNSA-N,6.703886032104492,0.0
Q6YMS6,UDSFVOAUHKGBEK-CNQKSJKFSA-N,5.162747859954834,0.0
Q6YMS6,YABJJWZLRMPFSI-UHFFFAOYSA-N,6.168267250061035,0.0
Q6YMS6,WLAVZAAODLTUSW-UHFFFAOYSA-N,5.218760967254639,0.0
Q6YMS6,ZCMFEWUYBFMLIN-UHFFFAOYSA-N,5.533398628234863,0.0
Q6YMS6,NHTKGYOMICWFQZ-KKQYNPQSSA-N,5.116447448730469,0.0
Q6YMS6,LOUPRKONTZGTKE-WZBLMQSHSA-N,4.9726762771606445,0.0
Q6YMS6,RVJIQAYFTOPTKK-UHFFFAOYSA-N,7.324148178100586,0.0
Q6YMS6,KRMDCWKBEZIMAB-UHFFFAOYSA-N,5.057258605957031,0.0
Q6YMS6,ALCSGJCIESECFD-UHFFFAOYSA-N,6.433127403259277,0.0
Q6YMS6,HNTGDFCASLOZEZ-YDBSYXHISA-N,5.091408729553223,0.0
Q6YMS6,JLRIJKVMMZEKDF-UHFFFAOYSA-N,4.765667915344238,0.0
Q6YMS6,IZFHEQBZOYJLPK-UHFFFAOYSA-N,5.633781433105469,0.0
Q6YMS6,ILAYIAGXTHKHNT-UHFFFAOYSA-N,7.935511589050293,0.0
Q6YMS6,FUKHGCVTMAEHRG-NRFANRHFSA-N,4.937168121337891,0.0
Q6YMS6,XQYASZNUFDVMFH-CQSZACIVSA-N,5.641905784606934,0.0
Q6YMS6,OVBPIULPVIDEAO-LBPRGKRZSA-N,5.222082614898682,0.0
Q6YMS6,XUHMGFKQBWZWPO-UHFFFAOYSA-N,5.951729774475098,0.0
Q6YMS6,QYBGBLQCOOISAR-UHFFFAOYSA-N,5.411584854125977,0.0
Q6YMS6,ZDASUJMDVPTNTF-UHFFFAOYSA-N,5.45119571685791,0.0
Q6YMS6,HJYYPODYNSCCOU-ODRIEIDWSA-N,5.345100402832031,0.0
Q6YMS6,ZZWWXIBKLBMSCS-FQEVSTJZSA-N,6.748134613037109,0.0
Q6YMS6,HGXLJRWXCXSEJO-GMSGAONNSA-N,4.83802604675293,0.0
Q6YMS6,MYEJFUXQJGHEQK-ALRJYLEOSA-N,5.64483642578125,0.0
Q6YMS6,ACWKGTGIJRCOOM-HHHXNRCGSA-N,6.509233474731445,0.0
Q6YMS6,HIBWHHQXUSKNOV-UHFFFAOYSA-N,7.205584526062012,0.0
Q6YMS6,QULDDKSCVCJTPV-UHFFFAOYSA-N,5.866288185119629,0.0
Q6YMS6,GKJCVYLDJWTWQU-CXLRFSCWSA-N,5.211626052856445,0.0
Q6YMS6,XZEUAXYWNKYKPL-WDYNHAJCSA-N,4.974846839904785,0.0
Q6YMS6,QRXWMOHMRWLFEY-UHFFFAOYSA-N,6.055253028869629,0.0
Q6YMS6,ZRTQSJFIDWNVJW-WYMLVPIESA-N,5.887786865234375,0.0
Q6YMS6,WZHJKEUHNJHDLS-QTGUNEKASA-N,5.7412848472595215,0.0
Q6YMS6,HIANJWSAHKJQTH-UHFFFAOYSA-N,6.156197547912598,0.0
Q6YMS6,FDMUNKXWYMSZIR-NQWKWHCYSA-N,5.887479782104492,0.0
Q6YMS6,GBJVVSCPOBPEIT-UHFFFAOYSA-N,4.303586006164551,0.0
Q6YMS6,QCDFBFJGMNKBDO-UHFFFAOYSA-N,5.9430999755859375,0.0
Q6YMS6,PUOAETJYKQITMO-LANLRWRYSA-N,5.765004634857178,0.0
Q6YMS6,VCCBCXVFGHTDQN-UODBTFMRSA-N,6.377710342407227,0.0
Q6YMS6,OQBORDVFGPUGDV-UHFFFAOYSA-N,5.252447128295898,0.0
Q6YMS6,WLGIWVFFGMPRLM-SLHNCBLASA-N,5.454707145690918,0.0
Q6YMS6,RVFGKBWWUQOIOU-NDEPHWFRSA-N,6.164612770080566,0.0
Q6YMS6,ZHFIAFNZGWCLHU-YPMHNXCESA-N,5.647826194763184,0.0
Q6YMS6,XEAOPVUAMONVLA-QGZVFWFLSA-N,7.518543243408203,0.0
Q6YMS6,JUSFANSTBFGBAF-IRXDYDNUSA-N,5.180988311767578,0.0
Q6YMS6,QJFSABGVXDWMIW-UHFFFAOYSA-N,5.56301212310791,0.0
Q6YMS6,ZBJBRUSGEJORQL-UHFFFAOYSA-N,5.066976547241211,0.0
Q6YMS6,MAUCONCHVWBMHK-UHFFFAOYSA-N,6.102446556091309,0.0
Q6YMS6,WDVSHHCDHLJJJR-UHFFFAOYSA-N,5.337560653686523,0.0
Q6YMS6,BATCTBJIJJEPHM-UHFFFAOYSA-N,5.587482452392578,0.0
Q6YMS6,UEMLYRZWLVXWRU-UHFFFAOYSA-N,5.761530876159668,0.0
Q6YMS6,GMJWAIMJHBTYPD-UHFFFAOYSA-N,5.948825836181641,0.0
Q6YMS6,HDOVUKNUBWVHOX-QMMMGPOBSA-N,5.670531272888184,0.0
Q6YMS6,URWAJWIAIPFPJE-YFMIWBNJSA-N,5.458439826965332,0.0
Q6YMS6,UIAGMCDKSXEBJQ-UHFFFAOYSA-N,4.92785120010376,0.0
Q6YMS6,UIEATEWHFDRYRU-UHFFFAOYSA-N,5.169776439666748,0.0
Q6YMS6,QUHARGDBJJUOEB-UHFFFAOYSA-N,6.21384334564209,0.0
Q6YMS6,MJIHNNLFOKEZEW-UHFFFAOYSA-N,6.928401947021484,0.0
Q6YMS6,KXMAIWXPZGQNCR-QGZVFWFLSA-N,5.602139472961426,0.0
Q6YMS6,PTOAARAWEBMLNO-KVQBGUIXSA-N,5.3023681640625,0.0
Q6YMS6,JXJPYHDHJZJWRI-UHFFFAOYSA-N,5.882607460021973,0.0
Q6YMS6,QWLNINWUBHHOLU-UHFFFAOYSA-N,8.022883415222168,0.0
Q6YMS6,SCAGLYMBBLMFND-UHFFFAOYSA-N,7.195966720581055,0.0
Q6YMS6,KVHRYLNQDWXAGI-UHFFFAOYSA-N,5.189980506896973,0.0
Q6YMS6,AQASRZOCERRGBL-ROJLCIKYSA-N,6.216184616088867,0.0
Q6YMS6,ORVNHOYNEHYKJG-UHFFFAOYSA-N,4.983570098876953,0.0
Q6YMS6,IQIBKLWBVJPOQO-UHFFFAOYSA-N,4.987318515777588,0.0
Q6YMS6,XESARGFCSKSFID-FLLFQEBCSA-N,4.921717643737793,0.0
Q6YMS6,RJIWZDNTCBHXAL-UHFFFAOYSA-N,5.195879936218262,0.0
Q6YMS6,NCUCGYYHUFIYNU-UHFFFAOYSA-N,4.697358131408691,0.0
Q6YMS6,VFCRSIORGUNNGT-UHFFFAOYSA-N,4.662158966064453,0.0
Q6YMS6,AUVVAXYIELKVAI-CKBKHPSWSA-N,7.539002418518066,0.0
Q6YMS6,VRHOBXXCNBZJRX-IBGZPJMESA-N,5.337711334228516,0.0
Q6YMS6,CVASBKDYSQKLSO-UHFFFAOYSA-N,5.8857421875,0.0
Q6YMS6,CVBWTNHDKVVFMI-LBPRGKRZSA-N,4.638056755065918,0.0
Q6YMS6,KTEIFNKAUNYNJU-GFCCVEGCSA-N,6.285174369812012,0.0
Q6YMS6,HAYYBYPASCDWEQ-UHFFFAOYSA-N,7.818437576293945,0.0
Q6YMS6,RUEYEZADQJCKGV-UHFFFAOYSA-N,4.424313545227051,0.0
Q6YMS6,LACIBZRFAYFTOV-UHFFFAOYSA-N,7.253862380981445,0.0
Q6YMS6,LTMHDMANZUZIPE-PUGKRICDSA-N,6.982276916503906,0.0
Q6YMS6,VGIQUSQBXZXBGW-UHFFFAOYSA-N,4.644919395446777,0.0
Q6YMS6,ZGJHIFYEQJEUKA-UHFFFAOYSA-N,4.699674606323242,0.0
Q6YMS6,UOBYJVFBFSLCTQ-UHFFFAOYSA-N,7.960080146789551,0.0
Q6YMS6,VOVIALXJUBGFJZ-KWVAZRHASA-N,6.174849510192871,0.0
Q6YMS6,BSMNRYCSBFHEMQ-GZMMTYOYSA-N,5.795651912689209,0.0
Q6YMS6,GIIGAFADHXYOPM-UHFFFAOYSA-N,5.530756950378418,0.0
Q6YMS6,HEFNNWSXXWATRW-UHFFFAOYSA-N,4.92478609085083,0.0
Q6YMS6,HUXYBQXJVXOMKX-UHFFFAOYSA-N,5.104554176330566,0.0
Q6YMS6,LSXUTRRVVSPWDZ-MKKUMYSQSA-N,6.300654411315918,0.0
Q6YMS6,DWGXUDUOJPYAOR-UHFFFAOYSA-N,5.055720329284668,0.0
Q6YMS6,VKHAHZOOUSRJNA-GCNJZUOMSA-N,4.768026351928711,0.0
Q6YMS6,PSWOBQSIXLVPDV-CXUHLZMHSA-N,4.687941074371338,0.0
Q6YMS6,FJLGEFLZQAZZCD-MCBHFWOFSA-N,4.8326311111450195,0.0
Q6YMS6,ULDXWLCXEDXJGE-UHFFFAOYSA-N,5.1875104904174805,0.0
Q6YMS6,WDPFJWLDPVQCAJ-UHFFFAOYSA-N,5.443037033081055,0.0
Q6YMS6,FUXVKZWTXQUGMW-FQEVSTJZSA-N,5.331291198730469,0.0
Q6YMS6,OFCNXPDARWKPPY-UHFFFAOYSA-N,5.503573894500732,0.0
Q6YMS6,UMSHZWFCVXIDEO-UHFFFAOYSA-N,4.272001266479492,0.0
Q6YMS6,PBCZSGKMGDDXIJ-HQCWYSJUSA-N,6.153955459594727,0.0
Q6YMS6,XASIMHXSUQUHLV-UHFFFAOYSA-N,5.352044582366943,0.0
Q6YMS6,WTXWDXWZGJGIHV-URBCHYCLSA-N,6.522104263305664,0.0
Q6YMS6,YNNUSGIPVFPVBX-NHCUHLMSSA-N,5.398940086364746,0.0
Q6YMS6,QIIVJLHCZUTGSD-CUBQBAPOSA-N,5.816887378692627,0.0
Q6YMS6,BFCDFTHTSVTWOG-UHFFFAOYSA-N,5.769557952880859,0.0
Q6YMS6,GYCPCOJTCINIFZ-OXJNMPFZSA-N,5.915964126586914,0.0
Q6YMS6,WJSGOXONRXFGRY-UHFFFAOYSA-N,5.043487071990967,0.0
Q6YMS6,BBUVDDPUURMFOX-UHFFFAOYSA-N,6.090053558349609,0.0
Q6YMS6,OOXQDZTUGOJLHK-ZZEZOPTASA-N,5.836332321166992,0.0
Q6YMS6,NXWASIVXQMMPLM-ZXMXYHOLSA-N,6.595688819885254,0.0
Q6YMS6,QOYHHIBFXOOADH-UHFFFAOYSA-N,7.032166481018066,0.0
Q6YMS6,IDUYJRXRDSPPRC-NRFANRHFSA-N,5.471138000488281,0.0
Q6YMS6,ZQMXTDPQEHZTBG-FRIKZZABSA-N,7.636440277099609,0.0
Q6YMS6,YKJYKKNCCRKFSL-RDBSUJKOSA-N,4.606038570404053,0.0
Q6YMS6,QXHHHPZILQDDPS-UHFFFAOYSA-N,5.461198806762695,0.0
Q6YMS6,ULRQBGMGOSWEGZ-UHFFFAOYSA-N,5.262848854064941,0.0
Q6YMS6,UCBSXTTUNYWOCC-UHFFFAOYSA-N,7.583086013793945,0.0
Q6YMS6,OPAKEJZFFCECPN-XQRVVYSFSA-N,4.997587203979492,0.0
Q6YMS6,SRIJFPBZWUFLFD-UHFFFAOYSA-N,5.415857315063477,0.0
Q6YMS6,KKKRKRMVJRHDMG-UHFFFAOYSA-N,5.290245056152344,0.0
Q6YMS6,OJPLJFIFUQPSJR-INIZCTEOSA-N,4.982137680053711,0.0
Q6YMS6,HUNGUWOZPQBXGX-UHFFFAOYSA-N,6.008530616760254,0.0
Q6YMS6,UAWXGRJVZSAUSZ-UHFFFAOYSA-N,5.187994003295898,0.0
Q6YMS6,UBPYILGKFZZVDX-UHFFFAOYSA-N,7.726052284240723,0.0
Q6YMS6,QAWBIEIZDDIEMW-FPYGCLRLSA-N,5.109407424926758,0.0
Q6YMS6,PVTHJAPFENJVNC-UQTMRZPGSA-N,6.575112342834473,0.0
Q6YMS6,KEIPNCCJPRMIAX-HNNXBMFYSA-N,4.653541564941406,0.0
Q6YMS6,AQWKVJFRGORALM-UHFFFAOYSA-N,5.04130220413208,0.0
Q6YMS6,VSJKWCGYPAHWDS-FQEVSTJZSA-N,5.218487739562988,0.0
Q6YMS6,GNNDEPIMDAZHRQ-UHFFFAOYSA-N,6.339931488037109,0.0
Q6YMS6,MEKASOQEXYKAKM-UHFFFAOYSA-N,5.5728230476379395,0.0
Q6YMS6,FVYRUSCZCWSFLT-UHFFFAOYSA-N,5.57203483581543,0.0
Q6YMS6,HJLSLZFTEKNLFI-UHFFFAOYSA-N,5.882733345031738,0.0
Q6YMS6,FBQPGGIHOFZRGH-UHFFFAOYSA-N,5.597710609436035,0.0
Q6YMS6,LKRDZKPBAOKJBT-CNPIRKNPSA-N,5.403181552886963,0.0
Q6YMS6,POPOYOKQQAEISW-UHFFFAOYSA-N,5.263633728027344,0.0
Q6YMS6,QDUIJCOKQCCXQY-WHJQOFBOSA-N,5.55814266204834,0.0
Q6YMS6,ZIMMTPFXOMAJTQ-UHFFFAOYSA-N,5.2994184494018555,0.0
Q6YMS6,KXDIHAQCVNNLIB-UHFFFAOYSA-N,9.677377700805664,0.0
Q6YMS6,FEFIBEHSXLKJGI-UHFFFAOYSA-N,6.740478515625,0.0
Q6YMS6,IUJQOUHDFKALCY-UHFFFAOYSA-N,5.040848731994629,0.0
Q6YMS6,QGPKADBNRMWEQR-UHFFFAOYSA-N,4.926761627197266,0.0
Q6YMS6,YEWQCWVEXRSMSB-UHFFFAOYSA-M,5.70790433883667,0.0
Q6YMS6,MBQKTLYFUYNAPZ-FEZMQHRXSA-N,6.368105888366699,0.0
Q6YMS6,IVUGFMLRJOCGAS-UHFFFAOYSA-N,5.100939750671387,0.0
Q6YMS6,MCIACXAZCBVDEE-CUUWFGFTSA-N,5.993841171264648,0.0
Q6YMS6,FDMQDKQUTRLUBU-UHFFFAOYSA-N,5.476466178894043,0.0
Q6YMS6,RPVGLMKJGQMQSN-UHFFFAOYSA-N,5.471536636352539,0.0
Q6YMS6,UOWGYMNWMDNSTL-ONEGZZNKSA-N,6.122984886169434,0.0
Q6YMS6,LPLVUJXQOOQHMX-QWBHMCJMSA-N,5.04569149017334,0.0
Q6YMS6,RHMXXJGYXNZAPX-UHFFFAOYSA-N,4.360754013061523,0.0
Q6YMS6,ZWUFGBNOUKQGBR-UHFFFAOYSA-N,5.695640563964844,0.0
Q6YMS6,ZVYVPGLRVWUPMP-FYSMJZIKSA-N,5.257514476776123,0.0
Q6YMS6,XMYKNCNAZKMVQN-NYYWCZLTSA-N,5.338193416595459,0.0
Q6YMS6,MPMKMQHJHDHPBE-RUZDIDTESA-N,7.269452095031738,0.0
Q6YMS6,ZSWMIFNWDQEXDT-ZESJGQACSA-N,6.143914222717285,0.0
Q6YMS6,JAZBEHYOTPTENJ-JLNKQSITSA-N,4.545037746429443,0.0
Q6YMS6,WDEKUGNKKOGFOA-UHFFFAOYSA-N,6.108384132385254,0.0
Q6YMS6,BWDQBBCUWLSASG-MDZDMXLPSA-N,5.933213233947754,0.0
Q6YMS6,RTHCYVBBDHJXIQ-UHFFFAOYSA-N,5.603584289550781,0.0
Q6YMS6,MMURVNDSFNJHAM-OWOJBTEDSA-N,4.561186790466309,0.0
Q6YMS6,ALRZZABRVIYCNY-BETUJISGSA-N,6.401029586791992,0.0
Q6YMS6,QEZYDSSGVBTNBH-UHFFFAOYSA-N,4.840750694274902,0.0
Q6YMS6,SWZXEVABPLUDIO-WSZYKNRRSA-N,6.109699249267578,0.0
Q6YMS6,NPWTVYBPSXCRPM-UHFFFAOYSA-N,5.776872634887695,0.0
Q6YMS6,DNVVZWSVACQWJE-UHFFFAOYSA-N,4.926202297210693,0.0
Q6YMS6,YFGQJKBUXPKSAW-YSTAXILLSA-N,7.2887163162231445,0.0
Q6YMS6,YVPXVXANRNDGTA-WDYNHAJCSA-N,5.737710952758789,0.0
Q6YMS6,GSDSWSVVBLHKDQ-UHFFFAOYSA-N,4.903125286102295,0.0
Q6YMS6,UTNUDOFZCWSZMS-YFHOEESVSA-N,5.669843673706055,0.0
Q6YMS6,HPHBOJANXDKUQD-UHFFFAOYSA-N,7.120643615722656,0.0
Q6YMS6,SCVHJVCATBPIHN-SJCJKPOMSA-N,5.244625091552734,0.0
Q6YMS6,XDBMBHVYXPBOPL-UHFFFAOYSA-N,5.613923072814941,0.0
Q6YMS6,MQTOSJVFKKJCRP-BICOPXKESA-N,5.092926979064941,0.0
Q6YMS6,KQZVSTAVTJCKDG-DRSBITMPSA-N,6.18726921081543,0.0
Q6YMS6,FJLRGFADCXTJNV-IIBYNOLFSA-N,4.988415241241455,0.0
Q6YMS6,XDSXYMOZKDUASY-INIZCTEOSA-N,5.8529815673828125,0.0
Q6YMS6,CUCSSYAUKKIDJV-FAXBSAIASA-N,5.437938690185547,0.0
Q6YMS6,PFTAWBLQPZVEMU-DZGCQCFKSA-N,5.744153022766113,0.0
Q6YMS6,SCKXBVLYWLLALY-CZCYGEDCSA-N,4.924973964691162,0.0
Q6YMS6,FNSHYEAUAUHIMB-UHFFFAOYSA-N,5.761131763458252,0.0
Q6YMS6,BOIPLTNGIAPDBY-UHFFFAOYSA-N,5.9877729415893555,0.0
Q6YMS6,HCCFUFNFJIUPHS-UMIMETMPSA-N,5.700535774230957,0.0
Q6YMS6,HFNKQEVNSGCOJV-OAHLLOKOSA-N,5.596512794494629,0.0
Q6YMS6,MNDBXUUTURYVHR-UHFFFAOYSA-N,5.745207786560059,0.0
Q6YMS6,UPQJYTNALAIZCC-UHFFFAOYSA-N,7.006505966186523,0.0
Q6YMS6,SYZWOOODCAMXPL-SFHVURJKSA-N,4.851782321929932,0.0
Q6YMS6,BKJIXTWSNXCKJH-UHFFFAOYSA-N,5.386601448059082,0.0
Q6YMS6,ZJAOAACCNHFJAH-UHFFFAOYSA-N,5.69348669052124,0.0
Q6YMS6,FABUFPQFXZVHFB-PVYNADRNSA-N,4.718140125274658,0.0
Q6YMS6,LZNWYQJJBLGYLT-UHFFFAOYSA-N,5.204411029815674,0.0
Q6YMS6,GPSZYOIFQZPWEJ-UHFFFAOYSA-N,5.332536697387695,0.0
Q6YMS6,IXSVOCGZBUJEPI-HTQYORAHSA-N,5.074970245361328,0.0
Q6YMS6,AFJRDFWMXUECEW-LBPRGKRZSA-N,6.57111930847168,0.0
Q6YMS6,XAKLYHGHEFMDAP-IAXKEJLGSA-N,4.8748321533203125,0.0
Q6YMS6,UHRBTBZOWWGKMK-DOMZBBRYSA-N,6.571873664855957,0.0
Q6YMS6,FIADGNVRKBPQEU-UHFFFAOYSA-N,6.067834854125977,0.0
Q6YMS6,LUUMLYXKTPBTQR-UHFFFAOYSA-N,5.548151016235352,0.0
Q6YMS6,UNRCMCRRFYFGFX-TYPNBTCFSA-N,4.6236701011657715,0.0
Q6YMS6,FOIVPCKZDPCJJY-JQIJEIRASA-N,6.180005073547363,0.0
Q6YMS6,REOZWEGFPHTFEI-JKSUJKDBSA-N,7.456050872802734,0.0
Q6YMS6,QMLVECGLEOSESV-RYUDHWBXSA-N,5.007282257080078,0.0
Q6YMS6,MFZWMTSUNYWVBU-UHFFFAOYSA-N,5.975471496582031,0.0
Q6YMS6,BKWJAKQVGHWELA-UHFFFAOYSA-N,5.291840553283691,0.0
Q6YMS6,KUNDLEJVAIBADY-UHFFFAOYSA-N,4.787132263183594,0.0
Q6YMS6,ISJSHQTWOHGCMM-UHFFFAOYSA-N,5.26243782043457,0.0
Q6YMS6,VFCRKLWBYMDAED-REWPJTCUSA-N,6.566588401794434,0.0
Q6YMS6,RFWVETIZUQEJEF-UHFFFAOYSA-N,4.448429584503174,0.0
Q6YMS6,DenvInD_14,4.971776962280273,0.0
Q6YMS6,DenvInD_13,5.193872451782227,0.0
Q6YMS6,DenvInD_12,5.679439544677734,0.0
Q6YMS6,DenvInD_11,5.679439544677734,0.0
Q6YMS6,DenvInD_10,5.56862735748291,0.0
Q6YMS6,DenvInD_9,5.444757461547852,0.0
Q6YMS6,DenvInD_8,4.697716236114502,0.0
Q6YMS6,DenvInD_7,5.093361854553223,0.0
Q6YMS6,DenvInD_6,5.093361854553223,0.0
Q6YMS6,DenvInD_5,4.742071151733398,0.0
Q6YMS6,DenvInD_4,5.376645088195801,0.0
Q6YMS6,DenvInD_3,5.687496662139893,0.0
Q6YMS6,DenvInD_2,5.015274524688721,0.0
Q6YMS6,DenvInD_1,5.478751182556152,0.0
Q6YMS6,CLPSAAPUJUVQPP-UHFFFAOYSA-N,5.7132978439331055,0.0
Q6YMS6,IECPWNUMDGFDKC-MZJAQBGESA-N,5.452068328857422,0.0
Q6YMS6,QNUKRWAIZMBVCU-WCIBSUBMSA-N,5.962820053100586,0.0
Q6YMS6,BEMNJULZEQTDJY-UHFFFAOYSA-N,6.073193550109863,0.0
Q6YMS6,TVXOXGBTADZYCZ-UHFFFAOYSA-N,5.013680458068848,0.0
Q6YMS6,GFMMXOIFOQCCGU-UHFFFAOYSA-N,4.89052152633667,0.0
Q6YMS6,ZEWQUBUPAILYHI-UHFFFAOYSA-N,5.785341739654541,0.0
Q6YMS6,OASYWNFOHKQIGI-UHFFFAOYSA-N,6.216630935668945,0.0
Q6YMS6,PRXHANOJNVGVGC-UHFFFAOYSA-N,4.949275016784668,0.0
Q6YMS6,SUDAHWBOROXANE-SECBINFHSA-N,4.901886463165283,0.0
Q6YMS6,QQJHRQZZCNYDMX-VPUSJEBWSA-N,5.123991966247559,0.0
Q6YMS6,RGJOJUGRHPQXGF-INIZCTEOSA-N,5.662650108337402,0.0
Q6YMS6,MJFJKKXQDNNUJF-UHFFFAOYSA-N,5.00530481338501,0.0
Q6YMS6,ODEDPKNSRBCSDO-UHFFFAOYSA-N,5.413824081420898,0.0
Q6YMS6,SVGRIJCSKWXOPA-UHFFFAOYSA-N,5.498075485229492,0.0
Q6YMS6,JROFGZPOBKIAEW-UHFFFAOYSA-N,5.196695327758789,0.0
Q6YMS6,ISHXLNHNDMZNMC-VTKCIJPMSA-N,6.268462181091309,0.0
Q6YMS6,ABQYZRZVRIPTPI-UHFFFAOYSA-N,4.338944435119629,0.0
Q6YMS6,XFALPSLJIHVRKE-GFCCVEGCSA-N,5.983583450317383,0.0
Q6YMS6,XIROXSOOOAZHLL-UHFFFAOYSA-N,4.7803521156311035,0.0
Q6YMS6,QXTWSUQCXCWEHF-JXMROGBWSA-N,5.193212985992432,0.0
Q6YMS6,MPUQHZXIXSTTDU-QXGSTGNESA-N,4.526054382324219,0.0
Q6YMS6,VSWBSWWIRNCQIJ-GJZGRUSLSA-N,5.351202011108398,0.0
Q6YMS6,LCMWDFXRHRLQPG-UHFFFAOYSA-N,4.909097671508789,0.0
Q6YMS6,DFXFDNPRHWLXON-AANMMBORSA-N,6.665678977966309,0.0
Q6YMS6,XSPUSVIQHBDITA-RKYNPMAHSA-N,4.849808692932129,0.0
Q6YMS6,RKEWSXXUOLRFBX-UHFFFAOYSA-N,7.256159782409668,0.0
Q6YMS6,XVDXNSRMHBAVAX-UHFFFAOYSA-N,5.0976362228393555,0.0
Q6YMS6,WFNAKBGANONZEQ-UHFFFAOYSA-N,4.986354827880859,0.0
Q6YMS6,UDYUIWXQUBNDHC-UHFFFAOYSA-N,5.311675548553467,0.0
Q6YMS6,YTRRAUACYORZLX-UHFFFAOYSA-N,6.119043350219727,0.0
Q6YMS6,PZDPVSFZTKORSP-OAHLLOKOSA-N,4.772144317626953,0.0
Q6YMS6,ZACWYYKZMLGOTG-UHFFFAOYSA-N,6.210176467895508,0.0
Q6YMS6,UVNHKOOJXSALHN-KYNHBKCMSA-N,5.79933500289917,0.0
Q6YMS6,GDLIGKIOYRNHDA-UHFFFAOYSA-N,5.133110046386719,0.0
Q6YMS6,WXUUCRLKXQMWRY-UHFFFAOYSA-N,5.440249443054199,0.0
Q6YMS6,HPNSFSBZBAHARI-RUDMXATFSA-N,6.425678253173828,0.0
Q6YMS6,IAKHMKGGTNLKSZ-INIZCTEOSA-N,6.195052146911621,0.0
Q6YMS6,PWPNYABQEOGNNC-UHFFFAOYSA-N,4.9477128982543945,0.0
Q6YMS6,MTJHLONVHHPNSI-IBGZPJMESA-N,6.057518005371094,0.0
Q6YMS6,PGNHBJGIQAEIHD-UHFFFAOYSA-N,5.5196990966796875,0.0
Q6YMS6,GPNHMOZDMYNCPO-PDUMRIMRSA-N,5.636754035949707,0.0
Q6YMS6,RTHCYVBBDHJXIQ-MRXNPFEDSA-N,5.580151557922363,0.0
Q6YMS6,HYIMSNHJOBLJNT-UHFFFAOYSA-N,6.342072486877441,0.0
Q6YMS6,TXOKWXJQVFUUDD-UHFFFAOYSA-N,5.787899971008301,0.0
Q6YMS6,SRQKTCXJCCHINN-NYYWCZLTSA-N,4.757370471954346,0.0
Q6YMS6,XZWYZXLIPXDOLR-UHFFFAOYSA-N,6.30255126953125,0.0
Q6YMS6,GBBJCSTXCAQSSJ-JVZYCSMKSA-N,7.479491233825684,0.0
Q6YMS6,IPHKVWAKDXKJRE-UHFFFAOYSA-N,4.565590858459473,0.0
Q6YMS6,MZDKLVOWGIOKTN-UHFFFAOYSA-N,6.258535385131836,0.0
Q6YMS6,OBATZBGFDSVCJD-LALPQLPRSA-N,6.740334510803223,0.0
Q6YMS6,YRFXGQHBPBMFHW-SBTZIJSASA-N,4.606278419494629,0.0
Q6YMS6,NIRXBXIPHUTNNI-UHFFFAOYSA-N,5.388126373291016,0.0
Q6YMS6,PHXJVRSECIGDHY-UHFFFAOYSA-N,6.11757755279541,0.0
Q6YMS6,OVEVHVURWWTPFC-UHFFFAOYSA-N,5.571434020996094,0.0
Q6YMS6,HBXMSJLNXYLVTA-UHFFFAOYSA-N,5.126328468322754,0.0
Q6YMS6,AYCMYBACERJYNY-HIFRSBDPSA-N,4.984589576721191,0.0
Q6YMS6,GERNFWKTMKWULM-UHFFFAOYSA-N,7.235177040100098,0.0
Q6YMS6,HAGHKJDWBDSFKC-UHFFFAOYSA-N,5.368439197540283,0.0
Q6YMS6,ANZVBVKYXOGOQC-UHFFFAOYSA-N,6.029746055603027,0.0
Q6YMS6,VGKDLMBJGBXTGI-SJCJKPOMSA-N,5.257967948913574,0.0
Q6YMS6,MUTBJZVSRNUIHA-UHFFFAOYSA-N,5.050497055053711,0.0
Q6YMS6,IAIWVQXQOWNYOU-FPYGCLRLSA-N,5.477841854095459,0.0
Q6YMS6,QNIVIMYXGGFTAK-UHFFFAOYSA-N,4.928556442260742,0.0
Q6YMS6,VWOIKFDZQQLJBJ-DTQAZKPQSA-N,5.0396223068237305,0.0
Q6YMS6,IAYGCINLNONXHY-LBPRGKRZSA-N,6.384955406188965,0.0
Q6YMS6,JABSKGQQWUDVRU-UHFFFAOYSA-O,5.693999767303467,0.0
Q6YMS6,ACTRVOBWPAIOHC-XIXRPRMCSA-N,4.435711860656738,0.0
Q6YMS6,UGGPRXAHUOKTKV-IINYFYTJSA-N,5.111517906188965,0.0
Q6YMS6,BKVIWGRFRKLFIO-UHFFFAOYSA-N,5.70256233215332,0.0
Q6YMS6,KLRRGBHZCJLIEL-UHFFFAOYSA-N,6.084552764892578,0.0
Q6YMS6,IWUCXVSUMQZMFG-AFCXAGJDSA-N,4.87498664855957,0.0
Q6YMS6,DXKRGNXUIRKXNR-UHFFFAOYSA-N,4.474681854248047,0.0
Q6YMS6,BJDCWCLMFKKGEE-KDTBHNEXSA-N,6.097077369689941,0.0
Q6YMS6,WSMQUUGTQYPVPD-OAHLLOKOSA-N,6.283735275268555,0.0
Q6YMS6,VKBBVOVNGWGZCA-HVIPQOSHSA-N,5.858563423156738,0.0
Q6YMS6,HSNUXANXVHLGQT-UHFFFAOYSA-N,4.772772789001465,0.0
Q6YMS6,WZRFLSDVFPIXOV-LRQRDZAKSA-N,4.8349432945251465,0.0
Q6YMS6,KHPKQFYUPIUARC-UHFFFAOYSA-N,6.069740295410156,0.0
Q6YMS6,LGWACEZVCMBSKW-UHFFFAOYSA-N,6.070695877075195,0.0
Q6YMS6,BNQDCRGUHNALGH-UHFFFAOYSA-N,6.392603874206543,0.0
Q6YMS6,PULHLIOPJXPGJN-BWVDBABLSA-N,4.431136131286621,0.0
Q6YMS6,AQSSMEORRLJZLU-UHFFFAOYSA-N,5.478799819946289,0.0
Q6YMS6,JENWDDCMEATQSR-ONSKYXJOSA-N,5.127322196960449,0.0
Q6YMS6,SIFNOOUKXBRGGB-AREMUKBSSA-N,6.132864952087402,0.0
Q6YMS6,PPUXXDKQNAHHON-BJLQDIEVSA-N,7.119832992553711,0.0
Q6YMS6,WBBZUHMHBSXBDT-UHFFFAOYSA-N,6.490081787109375,0.0
Q6YMS6,PTOIAAWZLUQTIO-GXFFZTMASA-N,4.831629276275635,0.0
Q6YMS6,JYIUNVOCEFIUIU-GHMZBOCLSA-N,5.822859764099121,0.0
Q6YMS6,UPJCLVQQPDUABA-UHFFFAOYSA-N,6.3639631271362305,0.0
Q6YMS6,GSDSWSVVBLHKDQ-JTQLQIEISA-N,4.90419864654541,0.0
Q6YMS6,WHMXDBPHBVLYRC-OFVILXPXSA-N,5.274212837219238,0.0
Q6YMS6,ALBKMJDFBZVHAK-UHFFFAOYSA-N,5.2980241775512695,0.0
Q6YMS6,INJPEINGXBVKEB-UHFFFAOYSA-N,6.344659805297852,0.0
Q6YMS6,HUADITLKOCMHSB-UHFFFAOYSA-N,6.01503849029541,0.0
Q6YMS6,INVTYAOGFAGBOE-UHFFFAOYSA-N,5.770845413208008,0.0
Q6YMS6,GLVAUDGFNGKCSF-UHFFFAOYSA-N,5.087250709533691,0.0
Q6YMS6,WOZSCQDILHKSGG-UHFFFAOYSA-N,4.677895545959473,0.0
Q6YMS6,HLCHRSFXEXAMLU-YDQNRGGDSA-N,4.4442291259765625,0.0
Q6YMS6,YVPGZQLRPAGKLA-UHFFFAOYSA-N,4.506128311157227,0.0
Q6YMS6,UQOQENZZLBSFKO-POPPZSFYSA-N,5.961139678955078,0.0
Q6YMS6,GXJABQQUPOEUTA-RDJZCZTQSA-N,5.853799343109131,0.0
Q6YMS6,IYIKLHRQXLHMJQ-UHFFFAOYSA-N,5.011594295501709,0.0
Q6YMS6,IGUBBWJDMLCRIK-UHFFFAOYSA-N,5.632616996765137,0.0
Q6YMS6,GMYLVKUGJMYTFB-UHFFFAOYSA-N,5.154369354248047,0.0
Q6YMS6,OONFNUWBHFSNBT-HXUWFJFHSA-N,5.280465126037598,0.0
Q6YMS6,ZKFQEACEUNWPMT-UHFFFAOYSA-N,5.325068950653076,0.0
Q6YMS6,BZEWSEKUUPWQDQ-UHFFFAOYSA-N,5.092721939086914,0.0
Q6YMS6,CPMDPSXJELVGJG-UHFFFAOYSA-N,5.655771255493164,0.0
Q6YMS6,IKNZXGXQOQHHJA-RCCFBDPRSA-N,4.535147666931152,0.0
Q6YMS6,ZBMZVLHSJCTVON-UHFFFAOYSA-N,5.998017311096191,0.0
Q6YMS6,PURKAOJPTOLRMP-UHFFFAOYSA-N,5.9649200439453125,0.0
Q6YMS6,ZPEIMTDSQAKGNT-UHFFFAOYSA-N,6.025382041931152,0.0
Q6YMS6,HAVJATCHLFRDHY-KSZYUSJVSA-N,4.972070693969727,0.0
Q6YMS6,DenvInD_142,4.388735771179199,0.0
Q6YMS6,DenvInD_141,4.4096832275390625,0.0
Q6YMS6,DenvInD_140,4.386114120483398,0.0
Q6YMS6,DenvInD_139,4.398897171020508,0.0
Q6YMS6,DenvInD_138,4.387442588806152,0.0
Q6YMS6,DenvInD_137,4.390644073486328,0.0
Q6YMS6,DenvInD_136,4.387308120727539,0.0
Q6YMS6,DenvInD_135,4.389993667602539,0.0
Q6YMS6,DenvInD_134,4.381400108337402,0.0
Q6YMS6,DenvInD_133,4.386260986328125,0.0
Q6YMS6,DenvInD_132,4.398897171020508,0.0
Q6YMS6,DenvInD_131,4.387308120727539,0.0
Q6YMS6,DenvInD_130,4.386260986328125,0.0
Q6YMS6,DenvInD_129,4.388735771179199,0.0
Q6YMS6,DenvInD_128,4.807014465332031,0.0
Q6YMS6,DenvInD_127,4.391399383544922,0.0
Q6YMS6,DenvInD_126,4.669913291931152,0.0
Q6YMS6,DenvInD_125,5.194105625152588,0.0
Q6YMS6,DenvInD_124,5.434698104858398,0.0
Q6YMS6,DenvInD_123,6.5138959884643555,0.0
Q6YMS6,DenvInD_122,5.132953643798828,0.0
Q6YMS6,DenvInD_121,4.947796821594238,0.0
Q6YMS6,DenvInD_120,5.378049850463867,0.0
Q6YMS6,DenvInD_119,4.484757900238037,0.0
Q6YMS6,DenvInD_118,5.404098033905029,0.0
Q6YMS6,DenvInD_117,4.555742263793945,0.0
Q6YMS6,DenvInD_116,5.953177452087402,0.0
Q6YMS6,DenvInD_115,4.964498519897461,0.0
Q6YMS6,DenvInD_114,4.642195701599121,0.0
Q6YMS6,DenvInD_113,5.896553039550781,0.0
Q6YMS6,DenvInD_112,5.64438533782959,0.0
Q6YMS6,DenvInD_111,6.080329895019531,0.0
Q6YMS6,DenvInD_110,4.4876909255981445,0.0
Q6YMS6,DenvInD_109,5.554398536682129,0.0
Q6YMS6,DenvInD_108,5.1016645431518555,0.0
Q6YMS6,DenvInD_107,7.000225067138672,0.0
Q6YMS6,DenvInD_106,5.214076995849609,0.0
Q6YMS6,DenvInD_105,5.009103775024414,0.0
Q6YMS6,DenvInD_104,5.356686115264893,0.0
Q6YMS6,DenvInD_103,4.964498519897461,0.0
Q6YMS6,DenvInD_102,5.548266887664795,0.0
Q6YMS6,DenvInD_101,4.987937927246094,0.0
Q6YMS6,DenvInD_100,4.591642379760742,0.0
Q6YMS6,DenvInD_99,5.64438533782959,0.0
Q6YMS6,DenvInD_98,5.896553039550781,0.0
Q6YMS6,DenvInD_97,4.642195701599121,0.0
Q6YMS6,DenvInD_96,5.548266887664795,0.0
Q6YMS6,DenvInD_95,4.964498519897461,0.0
Q6YMS6,DenvInD_94,5.953177452087402,0.0
Q6YMS6,DenvInD_93,5.356686115264893,0.0
Q6YMS6,DenvInD_92,4.555742263793945,0.0
Q6YMS6,DenvInD_91,5.214076995849609,0.0
Q6YMS6,DenvInD_90,5.404098033905029,0.0
Q6YMS6,DenvInD_89,4.591642379760742,0.0
Q6YMS6,DenvInD_88,4.484757900238037,0.0
Q6YMS6,DenvInD_87,5.378049850463867,0.0
Q6YMS6,DenvInD_86,4.947796821594238,0.0
Q6YMS6,DenvInD_85,6.080329895019531,0.0
Q6YMS6,DenvInD_84,4.4876909255981445,0.0
Q6YMS6,DenvInD_83,5.132953643798828,0.0
Q6YMS6,DenvInD_82,6.5138959884643555,0.0
Q6YMS6,DenvInD_81,4.987937927246094,0.0
Q6YMS6,DenvInD_80,5.434698104858398,0.0
Q6YMS6,DenvInD_79,5.194105625152588,0.0
Q6YMS6,DenvInD_78,5.1016645431518555,0.0
Q6YMS6,DenvInD_77,5.8514556884765625,0.0
Q6YMS6,DenvInD_76,4.451220989227295,0.0
Q6YMS6,DenvInD_75,5.51809024810791,0.0
Q6YMS6,DenvInD_74,4.720285892486572,0.0
Q6YMS6,DenvInD_73,4.529482841491699,0.0
Q6YMS6,DenvInD_72,4.394113540649414,0.0
Q6YMS6,DenvInD_71,4.394113540649414,0.0
Q6YMS6,DenvInD_70,6.151884078979492,0.0
Q6YMS6,DenvInD_69,4.409672737121582,0.0
Q6YMS6,DenvInD_68,4.409672737121582,0.0
Q6YMS6,DenvInD_67,4.383910179138184,0.0
Q6YMS6,DenvInD_66,6.151884078979492,0.0
Q6YMS6,DenvInD_65,4.383910179138184,0.0
Q6YMS6,DenvInD_64,6.151884078979492,0.0
Q6YMS6,DenvInD_63,4.383910179138184,0.0
Q6YMS6,DenvInD_62,6.151884078979492,0.0
Q6YMS6,DenvInD_61,4.383910179138184,0.0
Q6YMS6,DenvInD_60,5.135500907897949,0.0
Q6YMS6,DenvInD_59,4.98649787902832,0.0
Q6YMS6,DenvInD_58,5.020491123199463,0.0
Q6YMS6,DenvInD_57,4.6616010665893555,0.0
Q6YMS6,DenvInD_56,5.249408721923828,0.0
Q6YMS6,DenvInD_55,4.723994255065918,0.0
Q6YMS6,DenvInD_54,5.46389102935791,0.0
Q6YMS6,DenvInD_53,5.8514556884765625,0.0
Q6YMS6,DenvInD_52,4.641951084136963,0.0
Q6YMS6,DenvInD_51,4.451220989227295,0.0
Q6YMS6,DenvInD_50,5.227073669433594,0.0
Q6YMS6,DenvInD_49,6.646249771118164,0.0
Q6YMS6,DenvInD_48,6.528687477111816,0.0
Q6YMS6,DenvInD_47,5.51809024810791,0.0
Q6YMS6,DenvInD_46,5.232811450958252,0.0
Q6YMS6,DenvInD_45,4.406510353088379,0.0
Q6YMS6,DenvInD_44,5.853277683258057,0.0
Q6YMS6,DenvInD_43,4.990049362182617,0.0
Q6YMS6,DenvInD_42,6.074109077453613,0.0
Q6YMS6,DenvInD_41,6.081277847290039,0.0
Q6YMS6,DenvInD_40,4.505202770233154,0.0
Q6YMS6,DenvInD_39,4.525911331176758,0.0
Q6YMS6,DenvInD_38,4.501064777374268,0.0
Q6YMS6,DenvInD_37,4.436703681945801,0.0
Q6YMS6,DenvInD_36,4.829371929168701,0.0
Q6YMS6,DenvInD_35,4.486644268035889,0.0
Q6YMS6,DenvInD_34,5.94342041015625,0.0
Q6YMS6,DenvInD_33,6.189304351806641,0.0
Q6YMS6,DenvInD_32,5.040124893188477,0.0
Q6YMS6,DenvInD_31,4.667031288146973,0.0
Q6YMS6,DenvInD_30,6.284170150756836,0.0
Q6YMS6,DenvInD_29,6.189304351806641,0.0
Q6YMS6,DenvInD_28,5.326891899108887,0.0
Q6YMS6,DenvInD_27,4.383292198181152,0.0
Q6YMS6,DenvInD_26,5.0648651123046875,0.0
Q6YMS6,DenvInD_25,4.588252067565918,0.0
Q6YMS6,DenvInD_24,4.454012393951416,0.0
Q6YMS6,DenvInD_23,6.189304351806641,0.0
Q6YMS6,DenvInD_22,4.523579120635986,0.0
Q6YMS6,DenvInD_21,4.441046714782715,0.0
Q6YMS6,DenvInD_20,4.457728862762451,0.0
Q6YMS6,DenvInD_19,4.457728862762451,0.0
Q6YMS6,DenvInD_18,4.445199966430664,0.0
Q6YMS6,DenvInD_17,4.4354352951049805,0.0
Q6YMS6,DenvInD_16,4.455541610717773,0.0
Q6YMS6,DenvInD_15,4.436211585998535,0.0
Q6YMS6,DenvInD_270,4.385017395019531,0.0
Q6YMS6,DenvInD_269,4.401304244995117,0.0
Q6YMS6,DenvInD_268,4.639306545257568,0.0
Q6YMS6,DenvInD_267,4.793313026428223,0.0
Q6YMS6,DenvInD_266,4.582351207733154,0.0
Q6YMS6,DenvInD_265,4.582351207733154,0.0
Q6YMS6,DenvInD_264,4.383176326751709,0.0
Q6YMS6,DenvInD_263,4.395631790161133,0.0
Q6YMS6,DenvInD_262,4.365413665771484,0.0
Q6YMS6,DenvInD_261,4.380834579467773,0.0
Q6YMS6,DenvInD_260,4.558616638183594,0.0
Q6YMS6,DenvInD_259,4.5951666831970215,0.0
Q6YMS6,DenvInD_258,4.390142440795898,0.0
Q6YMS6,DenvInD_257,4.394275665283203,0.0
Q6YMS6,DenvInD_256,4.395983695983887,0.0
Q6YMS6,DenvInD_255,4.522387981414795,0.0
Q6YMS6,DenvInD_254,4.435903549194336,0.0
Q6YMS6,DenvInD_253,4.39939546585083,0.0
Q6YMS6,DenvInD_252,4.390385150909424,0.0
Q6YMS6,DenvInD_251,4.379680156707764,0.0
Q6YMS6,DenvInD_250,4.3899736404418945,0.0
Q6YMS6,DenvInD_249,4.75969123840332,0.0
Q6YMS6,DenvInD_248,4.378418922424316,0.0
Q6YMS6,DenvInD_247,4.3791937828063965,0.0
Q6YMS6,DenvInD_246,4.423651218414307,0.0
Q6YMS6,DenvInD_245,4.411824703216553,0.0
Q6YMS6,DenvInD_244,5.091387748718262,0.0
Q6YMS6,DenvInD_243,4.380098342895508,0.0
Q6YMS6,DenvInD_242,4.427382469177246,0.0
Q6YMS6,DenvInD_241,4.4026079177856445,0.0
Q6YMS6,DenvInD_240,4.380492210388184,0.0
Q6YMS6,DenvInD_239,4.422298908233643,0.0
Q6YMS6,DenvInD_238,4.42784309387207,0.0
Q6YMS6,DenvInD_237,4.420825004577637,0.0
Q6YMS6,DenvInD_236,4.406606197357178,0.0
Q6YMS6,DenvInD_235,4.454581260681152,0.0
Q6YMS6,DenvInD_234,4.422298908233643,0.0
Q6YMS6,DenvInD_233,4.42784309387207,0.0
Q6YMS6,DenvInD_232,4.420825004577637,0.0
Q6YMS6,DenvInD_231,4.406606197357178,0.0
Q6YMS6,DenvInD_230,4.454581260681152,0.0
Q6YMS6,DenvInD_229,4.379362106323242,0.0
Q6YMS6,DenvInD_228,4.382493495941162,0.0
Q6YMS6,DenvInD_227,4.390194892883301,0.0
Q6YMS6,DenvInD_226,4.387205123901367,0.0
Q6YMS6,DenvInD_225,4.427382469177246,0.0
Q6YMS6,DenvInD_224,4.396907806396484,0.0
Q6YMS6,DenvInD_223,4.396907806396484,0.0
Q6YMS6,DenvInD_222,4.553491592407227,0.0
Q6YMS6,DenvInD_221,4.4380669593811035,0.0
Q6YMS6,DenvInD_220,4.387722969055176,0.0
Q6YMS6,DenvInD_219,8.13792610168457,0.0
Q6YMS6,DenvInD_218,4.388793468475342,0.0
Q6YMS6,DenvInD_217,4.508388519287109,0.0
Q6YMS6,DenvInD_216,4.609727382659912,0.0
Q6YMS6,DenvInD_215,4.427382469177246,0.0
Q6YMS6,DenvInD_214,4.381103038787842,0.0
Q6YMS6,DenvInD_213,4.511000156402588,0.0
Q6YMS6,DenvInD_212,4.391519069671631,0.0
Q6YMS6,DenvInD_211,4.409785270690918,0.0
Q6YMS6,DenvInD_210,4.583410263061523,0.0
Q6YMS6,DenvInD_209,6.586812973022461,0.0
Q6YMS6,DenvInD_208,4.417828559875488,0.0
Q6YMS6,DenvInD_207,5.866585731506348,0.0
Q6YMS6,DenvInD_206,4.481839656829834,0.0
Q6YMS6,DenvInD_205,4.9255523681640625,0.0
Q6YMS6,DenvInD_204,4.385984420776367,0.0
Q6YMS6,DenvInD_203,5.866585731506348,0.0
Q6YMS6,DenvInD_202,6.018221855163574,0.0
Q6YMS6,DenvInD_201,4.944170951843262,0.0
Q6YMS6,DenvInD_200,4.511000156402588,0.0
Q6YMS6,DenvInD_199,4.4025959968566895,0.0
Q6YMS6,DenvInD_198,4.417828559875488,0.0
Q6YMS6,DenvInD_197,4.434298515319824,0.0
Q6YMS6,DenvInD_196,4.391519069671631,0.0
Q6YMS6,DenvInD_195,4.390073776245117,0.0
Q6YMS6,DenvInD_194,4.98967170715332,0.0
Q6YMS6,DenvInD_193,4.383391380310059,0.0
Q6YMS6,DenvInD_192,4.583410263061523,0.0
Q6YMS6,DenvInD_191,4.381103038787842,0.0
Q6YMS6,DenvInD_190,5.2971038818359375,0.0
Q6YMS6,DenvInD_189,5.965402603149414,0.0
Q6YMS6,DenvInD_188,4.984241008758545,0.0
Q6YMS6,DenvInD_187,4.409785270690918,0.0
Q6YMS6,DenvInD_186,4.620591163635254,0.0
Q6YMS6,DenvInD_185,5.974003791809082,0.0
Q6YMS6,DenvInD_184,6.586812973022461,0.0
Q6YMS6,DenvInD_183,4.417828559875488,0.0
Q6YMS6,DenvInD_182,4.434298515319824,0.0
Q6YMS6,DenvInD_181,4.391519069671631,0.0
Q6YMS6,DenvInD_180,4.390073776245117,0.0
Q6YMS6,DenvInD_179,4.98967170715332,0.0
Q6YMS6,DenvInD_178,4.383391380310059,0.0
Q6YMS6,DenvInD_177,4.583410263061523,0.0
Q6YMS6,DenvInD_176,4.381103038787842,0.0
Q6YMS6,DenvInD_175,5.2971038818359375,0.0
Q6YMS6,DenvInD_174,5.965402603149414,0.0
Q6YMS6,DenvInD_173,4.984241008758545,0.0
Q6YMS6,DenvInD_172,4.409785270690918,0.0
Q6YMS6,DenvInD_171,4.620591163635254,0.0
Q6YMS6,DenvInD_170,5.974003791809082,0.0
Q6YMS6,DenvInD_169,6.586812973022461,0.0
Q6YMS6,DenvInD_168,4.798702239990234,0.0
Q6YMS6,DenvInD_167,4.798702239990234,0.0
Q6YMS6,DenvInD_166,6.495126724243164,0.0
Q6YMS6,DenvInD_165,6.495126724243164,0.0
Q6YMS6,DenvInD_164,5.055239677429199,0.0
Q6YMS6,DenvInD_163,4.388793468475342,0.0
Q6YMS6,DenvInD_162,5.714046001434326,0.0
Q6YMS6,DenvInD_161,5.714046001434326,0.0
Q6YMS6,DenvInD_160,4.366786003112793,0.0
Q6YMS6,DenvInD_159,5.360418319702148,0.0
Q6YMS6,DenvInD_158,4.921772003173828,0.0
Q6YMS6,DenvInD_157,4.4236907958984375,0.0
Q6YMS6,DenvInD_156,4.585676670074463,0.0
Q6YMS6,DenvInD_155,5.553248405456543,0.0
Q6YMS6,DenvInD_154,4.6817827224731445,0.0
Q6YMS6,DenvInD_153,5.929361343383789,0.0
Q6YMS6,DenvInD_152,5.489463806152344,0.0
Q6YMS6,DenvInD_151,5.149336338043213,0.0
Q6YMS6,DenvInD_150,4.780743598937988,0.0
Q6YMS6,DenvInD_149,4.38104248046875,0.0
Q6YMS6,DenvInD_148,4.531062126159668,0.0
Q6YMS6,DenvInD_147,4.380383491516113,0.0
Q6YMS6,DenvInD_146,6.406139373779297,0.0
Q6YMS6,DenvInD_145,4.385181903839111,0.0
Q6YMS6,DenvInD_144,4.499804496765137,0.0
Q6YMS6,DenvInD_143,4.387915134429932,0.0
Q6YMS6,DenvInD_400,4.767104625701904,0.0
Q6YMS6,DenvInD_399,5.223247051239014,0.0
Q6YMS6,DenvInD_398,4.742488861083984,0.0
Q6YMS6,DenvInD_397,5.493762016296387,0.0
Q6YMS6,DenvInD_396,5.470553874969482,0.0
Q6YMS6,DenvInD_395,4.715390205383301,0.0
Q6YMS6,DenvInD_394,6.356111526489258,0.0
Q6YMS6,DenvInD_393,5.596034526824951,0.0
Q6YMS6,DenvInD_392,4.856864929199219,0.0
Q6YMS6,DenvInD_391,5.056822776794434,0.0
Q6YMS6,DenvInD_390,6.237180709838867,0.0
Q6YMS6,DenvInD_389,5.667740821838379,0.0
Q6YMS6,DenvInD_388,4.972588062286377,0.0
Q6YMS6,DenvInD_387,5.311587333679199,0.0
Q6YMS6,DenvInD_386,5.52274751663208,0.0
Q6YMS6,DenvInD_385,6.078220367431641,0.0
Q6YMS6,DenvInD_384,4.492964744567871,0.0
Q6YMS6,DenvInD_383,5.212673187255859,0.0
Q6YMS6,DenvInD_382,5.624093055725098,0.0
Q6YMS6,DenvInD_381,4.765995025634766,0.0
Q6YMS6,DenvInD_380,5.152368068695068,0.0
Q6YMS6,DenvInD_379,5.162583351135254,0.0
Q6YMS6,DenvInD_378,4.848919868469238,0.0
Q6YMS6,DenvInD_377,5.2703657150268555,0.0
Q6YMS6,DenvInD_376,5.28660774230957,0.0
Q6YMS6,DenvInD_375,5.596034526824951,0.0
Q6YMS6,DenvInD_374,6.318778991699219,0.0
Q6YMS6,DenvInD_373,5.73256778717041,0.0
Q6YMS6,DenvInD_372,4.932572364807129,0.0
Q6YMS6,DenvInD_371,5.941348075866699,0.0
Q6YMS6,DenvInD_370,5.363598823547363,0.0
Q6YMS6,DenvInD_369,5.616143226623535,0.0
Q6YMS6,DenvInD_368,5.534051895141602,0.0
Q6YMS6,DenvInD_367,5.510239124298096,0.0
Q6YMS6,DenvInD_366,5.635621547698975,0.0
Q6YMS6,DenvInD_365,5.948986053466797,0.0
Q6YMS6,DenvInD_364,5.816178321838379,0.0
Q6YMS6,DenvInD_363,6.356111526489258,0.0
Q6YMS6,DenvInD_362,5.493762016296387,0.0
Q6YMS6,DenvInD_361,5.694354057312012,0.0
Q6YMS6,DenvInD_360,5.198217391967773,0.0
Q6YMS6,DenvInD_359,5.336606025695801,0.0
Q6YMS6,DenvInD_358,4.629237174987793,0.0
Q6YMS6,DenvInD_357,5.964211463928223,0.0
Q6YMS6,DenvInD_356,5.315629005432129,0.0
Q6YMS6,DenvInD_355,4.777947425842285,0.0
Q6YMS6,DenvInD_354,4.9798760414123535,0.0
Q6YMS6,DenvInD_353,5.03384256362915,0.0
Q6YMS6,DenvInD_352,5.03384256362915,0.0
Q6YMS6,DenvInD_351,6.380653381347656,0.0
Q6YMS6,DenvInD_350,6.380653381347656,0.0
Q6YMS6,DenvInD_349,5.565564155578613,0.0
Q6YMS6,DenvInD_348,5.03384256362915,0.0
Q6YMS6,DenvInD_347,5.03384256362915,0.0
Q6YMS6,DenvInD_346,5.03384256362915,0.0
Q6YMS6,DenvInD_345,6.372414588928223,0.0
Q6YMS6,DenvInD_344,6.356111526489258,0.0
Q6YMS6,DenvInD_343,5.33931827545166,0.0
Q6YMS6,DenvInD_342,4.742488861083984,0.0
Q6YMS6,DenvInD_341,6.930727005004883,0.0
Q6YMS6,DenvInD_340,4.784258842468262,0.0
Q6YMS6,DenvInD_339,4.621752738952637,0.0
Q6YMS6,DenvInD_338,4.159750938415527,0.0
Q6YMS6,DenvInD_337,4.946731090545654,0.0
Q6YMS6,DenvInD_336,5.271420955657959,0.0
Q6YMS6,DenvInD_335,5.687033653259277,0.0
Q6YMS6,DenvInD_334,5.840785026550293,0.0
Q6YMS6,DenvInD_333,4.746219635009766,0.0
Q6YMS6,DenvInD_332,5.166274070739746,0.0
Q6YMS6,DenvInD_331,4.621752738952637,0.0
Q6YMS6,DenvInD_330,5.687033653259277,0.0
Q6YMS6,DenvInD_329,4.784258842468262,0.0
Q6YMS6,DenvInD_328,4.159750938415527,0.0
Q6YMS6,DenvInD_327,4.946731090545654,0.0
Q6YMS6,DenvInD_326,6.318778991699219,0.0
Q6YMS6,DenvInD_325,5.73256778717041,0.0
Q6YMS6,DenvInD_324,4.574870586395264,0.0
Q6YMS6,DenvInD_323,4.927558898925781,0.0
Q6YMS6,DenvInD_322,6.036378860473633,0.0
Q6YMS6,DenvInD_321,5.4844560623168945,0.0
Q6YMS6,DenvInD_320,5.76323127746582,0.0
Q6YMS6,DenvInD_319,4.82456636428833,0.0
Q6YMS6,DenvInD_318,5.493762016296387,0.0
Q6YMS6,DenvInD_317,5.680008888244629,0.0
Q6YMS6,DenvInD_316,5.743575096130371,0.0
Q6YMS6,DenvInD_315,4.987198829650879,0.0
Q6YMS6,DenvInD_314,5.341570854187012,0.0
Q6YMS6,DenvInD_313,4.927558898925781,0.0
Q6YMS6,DenvInD_312,4.86324405670166,0.0
Q6YMS6,DenvInD_311,5.1445536613464355,0.0
Q6YMS6,DenvInD_310,5.227939128875732,0.0
Q6YMS6,DenvInD_309,5.635187149047852,0.0
Q6YMS6,DenvInD_308,5.551397323608398,0.0
Q6YMS6,DenvInD_307,4.662430286407471,0.0
Q6YMS6,DenvInD_306,4.9030961990356445,0.0
Q6YMS6,DenvInD_305,5.388930320739746,0.0
Q6YMS6,DenvInD_304,5.121748924255371,0.0
Q6YMS6,DenvInD_301,6.096147537231445,0.0
Q6YMS6,DenvInD_300,5.490499019622803,0.0
Q6YMS6,DenvInD_299,6.1107282638549805,0.0
Q6YMS6,DenvInD_298,5.807791709899902,0.0
Q6YMS6,DenvInD_297,5.783123016357422,0.0
Q6YMS6,DenvInD_296,5.849053382873535,0.0
Q6YMS6,DenvInD_295,5.738848686218262,0.0
Q6YMS6,DenvInD_294,5.1004109382629395,0.0
Q6YMS6,DenvInD_293,5.094321250915527,0.0
Q6YMS6,DenvInD_292,5.553383827209473,0.0
Q6YMS6,DenvInD_291,5.099743843078613,0.0
Q6YMS6,DenvInD_290,4.515549659729004,0.0
Q6YMS6,DenvInD_289,4.85087776184082,0.0
Q6YMS6,DenvInD_288,5.477468490600586,0.0
Q6YMS6,DenvInD_287,5.742504119873047,0.0
Q6YMS6,DenvInD_286,5.331665515899658,0.0
Q6YMS6,DenvInD_285,5.916241645812988,0.0
Q6YMS6,DenvInD_284,5.916241645812988,0.0
Q6YMS6,DenvInD_283,6.334787368774414,0.0
Q6YMS6,DenvInD_282,4.859282493591309,0.0
Q6YMS6,DenvInD_281,6.09904670715332,0.0
Q6YMS6,DenvInD_280,6.1664581298828125,0.0
Q6YMS6,DenvInD_279,6.437345504760742,0.0
Q6YMS6,DenvInD_278,6.0651750564575195,0.0
Q6YMS6,DenvInD_277,5.661777496337891,0.0
Q6YMS6,DenvInD_276,5.468494415283203,0.0
Q6YMS6,DenvInD_275,5.523562431335449,0.0
Q6YMS6,DenvInD_274,5.180741786956787,0.0
Q6YMS6,DenvInD_273,4.747110843658447,0.0
Q6YMS6,DenvInD_272,5.6929473876953125,0.0
Q6YMS6,DenvInD_271,5.122295379638672,0.0
Q6YMS4,QEVHRUUCFGRFIF-MDEJGZGSSA-N,5.776030540466309,0.0
Q6YMS4,LJIZUXQINHXGAO-ITWZMISCSA-N,4.892037391662598,0.0
Q6YMS4,JWNPDZNEKVCWMY-VQHVLOKHSA-N,5.488142967224121,0.0
Q6YMS4,QCSDJDQOJBQTDV-UHFFFAOYSA-N,4.831862449645996,0.0
Q6YMS4,RDONXGFGWSSFMY-UHFFFAOYSA-N,4.997433662414551,0.0
Q6YMS4,MGGBYMDAPCCKCT-UHFFFAOYSA-N,5.202371120452881,0.0
Q6YMS4,SLZBEPLWGGRZAY-UHFFFAOYSA-N,4.804906368255615,0.0
Q6YMS4,TUOZJWZCVIRDKO-UHFFFAOYSA-N,5.014809608459473,0.0
Q6YMS4,VHEOUJNDDFHPGJ-UHFFFAOYSA-N,4.833461761474609,0.0
Q6YMS4,NFTMKHWBOINJGM-UHFFFAOYSA-N,5.281471252441406,0.0
Q6YMS4,KMSKQZKKOZQFFG-HSUXVGOQSA-N,5.1128129959106445,0.0
Q6YMS4,RXZBMPWDPOLZGW-XMRMVWPWSA-N,4.557706832885742,0.0
Q6YMS4,ZGFJFBOLVLFLLN-ZNLRHDTNSA-N,4.571499824523926,0.0
Q6YMS4,WGEWUYACXPEFPO-UHFFFAOYSA-N,5.8414716720581055,0.0
Q6YMS4,PUFQVTATUTYEAL-UHFFFAOYSA-N,4.8086466789245605,0.0
Q6YMS4,FIKYECRHLXONOX-UHFFFAOYSA-N,5.346696376800537,0.0
Q6YMS4,JMOVFFLYGIQXMM-UHFFFAOYSA-N,4.672921180725098,0.0
Q6YMS4,AETHRPHBGJAIBT-UHFFFAOYSA-N,4.563118934631348,0.0
Q6YMS4,QAWIHIJWNYOLBE-OKKQSCSOSA-N,5.121142387390137,0.0
Q6YMS4,UZVHFVZFNXBMQJ-UHFFFAOYSA-N,4.773021697998047,0.0
Q6YMS4,WYWHKKSPHMUBEB-UHFFFAOYSA-N,4.71063232421875,0.0
Q6YMS4,LDVDKTLZRGWFID-GLDDHUGJSA-N,4.755819320678711,0.0
Q6YMS4,DXVUYOAEDJXBPY-NFFDBFGFSA-N,4.894166946411133,0.0
Q6YMS4,GJUFPAZNBPFNRI-UHFFFAOYSA-N,4.926145553588867,0.0
Q6YMS4,LLEJIEBFSOEYIV-UHFFFAOYSA-N,5.073574066162109,0.0
Q6YMS4,GQBRZBHEPUQRPL-IBGZPJMESA-N,4.676814079284668,0.0
Q6YMS4,YQNQNVDNTFHQSW-UHFFFAOYSA-N,4.559625625610352,0.0
Q6YMS4,PDOQBOJDRPLBQU-QMMMGPOBSA-N,5.745021820068359,0.0
Q6YMS4,GBOGMAARMMDZGR-TYHYBEHESA-N,5.2979736328125,0.0
Q6YMS4,FABPRXSRWADJSP-MEDUHNTESA-N,4.178304672241211,0.0
Q6YMS4,YFXGICNMLCGLHJ-RSKRLRQZSA-N,4.440098285675049,0.0
Q6YMS4,FWYMMXUDTATKLG-PGLMLKKXSA-N,4.4588422775268555,0.0
Q6YMS4,TXGZJQLMVSIZEI-UQMAOPSPSA-N,6.2106523513793945,0.0
Q6YMS4,FFRFGVHNKJYNOV-ZCIMLLHDSA-N,4.971589088439941,0.0
Q6YMS4,WPMJNLCLKAKMLA-UHFFFAOYSA-N,4.2795867919921875,0.0
Q6YMS4,HXQRGYNEDCHJPJ-UHFFFAOYSA-N,4.816805362701416,0.0
Q6YMS4,MBUVEWMHONZEQD-UHFFFAOYSA-N,5.960860252380371,0.0
Q6YMS4,NDAZATDQFDPQBD-UHFFFAOYSA-N,5.1016998291015625,0.0
Q6YMS4,YBBLVLTVTVSKRW-UHFFFAOYSA-N,4.480913162231445,0.0
Q6YMS4,RRGUKTPIGVIEKM-UHFFFAOYSA-N,5.629435062408447,0.0
Q6YMS4,AIUHRQHVWSUTGJ-UHFFFAOYSA-N,5.302128791809082,0.0
Q6YMS4,CGIGDMFJXJATDK-UHFFFAOYSA-N,4.591753959655762,0.0
Q6YMS4,JYJTVFIEFKZWCJ-UHFFFAOYSA-N,5.335726737976074,0.0
Q6YMS4,PJFQWSNOXLEDDZ-OOJLDXBWSA-N,5.38686466217041,0.0
Q6YMS4,YULUCECVQOCQFQ-UHFFFAOYSA-N,4.631277561187744,0.0
Q6YMS4,MQIMZDXIAHJKQP-UHFFFAOYSA-N,5.685123443603516,0.0
Q6YMS4,NCNRHFGMJRPRSK-MDZDMXLPSA-N,5.056528091430664,0.0
Q6YMS4,QDWKGEFGLQMDAM-ULJHMMPZSA-N,4.978604316711426,0.0
Q6YMS6,DenvInD_528,5.352295398712158,0.0
Q6YMS6,DenvInD_527,5.345358848571777,0.0
Q6YMS6,DenvInD_526,4.904822826385498,0.0
Q6YMS6,DenvInD_525,5.963035583496094,0.0
Q6YMS6,DenvInD_524,5.828610420227051,0.0
Q6YMS6,DenvInD_523,6.05815315246582,0.0
Q6YMS6,DenvInD_522,6.86735725402832,0.0
Q6YMS6,DenvInD_521,5.45203971862793,0.0
Q6YMS6,DenvInD_520,4.333364486694336,0.0
Q6YMS6,DenvInD_519,4.488393783569336,0.0
Q6YMS6,DenvInD_518,4.597748279571533,0.0
Q6YMS6,DenvInD_517,5.417083263397217,0.0
Q6YMS6,DenvInD_516,6.323343276977539,0.0
Q6YMS6,DenvInD_515,5.385202407836914,0.0
Q6YMS6,DenvInD_514,4.404783248901367,0.0
Q6YMS6,DenvInD_513,4.521155834197998,0.0
Q6YMS6,DenvInD_512,5.644197463989258,0.0
Q6YMS6,DenvInD_511,5.353213310241699,0.0
Q6YMS6,DenvInD_510,4.456788063049316,0.0
Q6YMS6,DenvInD_509,5.986358642578125,0.0
Q6YMS6,DenvInD_508,4.516007423400879,0.0
Q6YMS6,DenvInD_507,6.438362121582031,0.0
Q6YMS6,DenvInD_506,4.658343315124512,0.0
Q6YMS6,DenvInD_505,4.432345390319824,0.0
Q6YMS6,DenvInD_504,5.345358848571777,0.0
Q6YMS6,DenvInD_503,5.345358848571777,0.0
Q6YMS6,DenvInD_502,5.353213310241699,0.0
Q6YMS6,DenvInD_501,4.456788063049316,0.0
Q6YMS6,DenvInD_500,5.986358642578125,0.0
Q6YMS6,DenvInD_499,6.438362121582031,0.0
Q6YMS6,DenvInD_498,4.658343315124512,0.0
Q6YMS6,DenvInD_497,4.432345390319824,0.0
Q6YMS6,DenvInD_496,4.516007423400879,0.0
Q6YMS6,DenvInD_495,4.595061779022217,0.0
Q6YMS6,DenvInD_494,7.0580854415893555,0.0
Q6YMS6,DenvInD_481,5.433877468109131,0.0
Q6YMS6,DenvInD_475,5.067823886871338,0.0
Q6YMS6,DenvInD_0475,4.953403472900391,0.0
Q6YMS6,DenvInD_474,4.494482040405273,0.0
Q6YMS6,DenvInD_473,4.422037124633789,0.0
Q6YMS6,DenvInD_472,4.801846504211426,0.0
Q6YMS6,DenvInD_471,5.1175127029418945,0.0
Q6YMS6,DenvInD_470,5.777456283569336,0.0
Q6YMS6,DenvInD_469,5.557796001434326,0.0
Q6YMS6,DenvInD_458,4.593238353729248,0.0
Q6YMS6,DenvInD_457,4.979057312011719,0.0
Q6YMS6,DenvInD_450,4.328815460205078,0.0
Q6YMS6,DenvInD_449,4.336541175842285,0.0
Q6YMS6,DenvInD_448,6.5991315841674805,0.0
Q6YMS6,DenvInD_447,4.3481550216674805,0.0
Q6YMS6,DenvInD_446,5.429521560668945,0.0
Q6YMS6,DenvInD_445,4.328815460205078,0.0
Q6YMS6,DenvInD_444,4.336541175842285,0.0
Q6YMS6,DenvInD_443,6.5991315841674805,0.0
Q6YMS6,DenvInD_442,4.3481550216674805,0.0
Q6YMS6,DenvInD_441,5.429521560668945,0.0
Q6YMS6,DenvInD_440,4.6551361083984375,0.0
Q6YMS6,DenvInD_439,4.337721824645996,0.0
Q6YMS6,DenvInD_438,4.903541564941406,0.0
Q6YMS6,DenvInD_421,5.162050247192383,0.0
Q6YMS6,DenvInD_420,4.856410980224609,0.0
Q6YMS6,DenvInD_419,4.268466949462891,0.0
Q6YMS6,DenvInD_418,4.52004337310791,0.0
Q6YMS6,DenvInD_417,4.940725326538086,0.0
Q6YMS6,DenvInD_416,5.967130661010742,0.0
Q6YMS6,DenvInD_415,4.814607620239258,0.0
Q6YMS6,DenvInD_414,5.644197463989258,0.0
Q6YMS6,DenvInD_413,4.306490898132324,0.0
Q6YMS6,DenvInD_412,4.366921424865723,0.0
Q6YMS6,DenvInD_411,5.850523471832275,0.0
Q6YMS6,DenvInD_410,4.497050762176514,0.0
Q6YMS6,DenvInD_409,4.959963798522949,0.0
Q6YMS6,DenvInD_408,5.395106792449951,0.0
Q6YMS6,DenvInD_407,4.404783248901367,0.0
Q6YMS6,DenvInD_406,4.303071022033691,0.0
Q6YMS6,DenvInD_405,4.306490898132324,0.0
Q6YMS6,DenvInD_404,4.912050247192383,0.0
Q6YMS6,DenvInD_403,4.843860626220703,0.0
Q6YMS6,DenvInD_402,4.6648969650268555,0.0
Q6YMS6,DenvInD_401,5.106205940246582,0.0
Q6YMS4,DKORMNNYNRPTBJ-UHFFFAOYSA-N,6.227420806884766,0.0
Q6YMS4,DRXHAKVGNKHFMB-UHFFFAOYSA-N,4.4290924072265625,0.0
Q6YMS4,GVEZIHKRYBHEFX-NQQPLRFYSA-N,4.577295303344727,0.0
Q6YMS4,XDXDZDZNSLXDNA-TZNDIEGXSA-N,5.681728363037109,0.0
Q6YMS4,YTMOQFAFGKLYIW-CONSDPRKSA-N,5.691035270690918,0.0
Q6YMS4,LQVXSNNAFNGRAH-QHCPKHFHSA-N,5.4073896408081055,0.0
Q6YMS4,ODKNJVUHOIMIIZ-RRKCRQDMSA-N,5.972336769104004,0.0
Q6YMS4,KOAWAWHSMVKCON-UHFFFAOYSA-N,5.347187042236328,0.0
Q6YMS4,IPVFGAYTKQKGBM-GDBQBOEPSA-N,4.902772426605225,0.0
Q6YMS4,ZXSGSFMORAILEY-HNNXBMFYSA-N,5.013714790344238,0.0
Q6YMS4,UXXQOJXBIDBUAC-UHFFFAOYSA-N,5.1613945960998535,0.0
Q6YMS4,ULXXDDBFHOBEHA-CWDCEQMOSA-N,5.452561378479004,0.0
Q6YMS4,MIWWSGDADVMLTG-UHFFFAOYSA-N,5.303017616271973,0.0
Q6YMS4,SRIOCKJKFXAKHK-UHFFFAOYSA-N,4.731818199157715,0.0
Q6YMS4,NBRQRXRBIHVLGI-OWXODZSWSA-N,5.818842887878418,0.0
Q6YMS4,IQPNAANSBPBGFQ-UHFFFAOYSA-N,4.635953903198242,0.0
Q6YMS4,ZEZFKUBILQRZCK-MJSCXXSSSA-N,4.57199764251709,0.0
Q6YMS4,VLEUZFDZJKSGMX-ONEGZZNKSA-N,4.534634590148926,0.0
Q6YMS4,ULRDYYKSPCRXAJ-KRWDZBQOSA-N,4.274843215942383,0.0
Q6YMS4,LHGWWAFKVCIILM-AMZGXZFVSA-N,6.214879035949707,0.0
Q6YMS4,YJZSUCFGHXQWDM-UHFFFAOYSA-N,6.13939094543457,0.0
Q6YMS4,ZUQBAQVRAURMCL-DOMZBBRYSA-N,5.735565185546875,0.0
Q6YMS4,NRUKOCRGYNPUPR-QBPJDGROSA-N,5.006178379058838,0.0
Q6YMS4,PSBAIJVSCTZDDB-UHFFFAOYSA-N,4.773289680480957,0.0
Q6YMS4,XRXDAJYKGWNHTQ-UHFFFAOYSA-N,4.806135177612305,0.0
Q6YMS4,SFNSLLSYNZWZQG-VQIMIIECSA-N,5.349469184875488,0.0
Q6YMS4,BCSHRERPHLTPEE-NRFANRHFSA-N,4.842787742614746,0.0
Q6YMS4,WVXRAFOPTSTNLL-NKWVEPMBSA-N,4.8656005859375,0.0
Q6YMS4,ZXFQRFXLFWWKLX-UHFFFAOYSA-N,4.481258392333984,0.0
Q6YMS4,JFIOVJDNOJYLKP-UHFFFAOYSA-N,4.901737213134766,0.0
Q6YMS4,RMSWMRJVUJSDGN-UHFFFAOYSA-N,6.636712074279785,0.0
Q6YMS4,HPLNQCPCUACXLM-PGUFJCEWSA-N,4.586719512939453,0.0
Q6YMS4,SRPXSILJHWNFMK-MEDUHNTESA-N,5.236894607543945,0.0
Q6YMS4,IAJOMYABKVAZCN-AATRIKPKSA-N,6.036846160888672,0.0
Q6YMS4,HKVAMNSJSFKALM-GKUWKFKPSA-N,4.8064680099487305,0.0
Q6YMS4,RWWYLEGWBNMMLJ-YSOARWBDSA-N,4.517374515533447,0.0
Q6YMS4,FMHQJXGMLMSMLC-WBUYAQKGSA-N,4.406743049621582,0.0
Q6YMS4,OVRBKKLFIRJPKY-UHFFFAOYSA-N,7.49221134185791,0.0
Q6YMS4,GMJFVGRUYJHMCO-UHFFFAOYSA-N,4.920945167541504,0.0
Q6YMS4,BSMCAPRUBJMWDF-KRWDZBQOSA-N,4.772502422332764,0.0
Q6YMS4,GFBKORZTTCHDGY-UWVJOHFNSA-N,5.04136323928833,0.0
Q6YMS4,AHOUBRCZNHFOSL-YOEHRIQHSA-N,4.683715343475342,0.0
Q6YMS4,QHADVLVFMKEIIP-UHFFFAOYSA-N,5.536959648132324,0.0
Q6YMS4,HVXKQKFEHMGHSL-GOOCMWNKSA-N,6.39179801940918,0.0
Q6YMS4,NFSKEXQRNDSSAN-NSHDSACASA-N,4.682831764221191,0.0
Q6YMS4,DPHUWDIXHNQOSY-UHFFFAOYSA-N,5.202998638153076,0.0
Q6YMS4,JLYAXFNOILIKPP-KXQOOQHDSA-N,5.2473039627075195,0.0
Q6YMS4,XWFCFMXQTBGXQW-GOSISDBHSA-N,5.632321834564209,0.0
Q6YMS4,PSXOKXJMVRSARX-SCSAIBSYSA-N,5.460930347442627,0.0
Q6YMS4,USZYSDMBJDPRIF-SVEJIMAYSA-N,4.930187225341797,0.0
Q6YMS4,LLCRBOWRJOUJAE-UHFFFAOYSA-N,5.6785197257995605,0.0
Q6YMS4,IPWKIXLWTCNBKN-ZCFIWIBFSA-N,4.607640266418457,0.0
Q6YMS4,CQVAQQNDZCZBSU-UHFFFAOYSA-N,5.799600124359131,0.0
Q6YMS4,RUJBDQSFYCKFAA-HNNXBMFYSA-N,6.126598358154297,0.0
Q6YMS4,MGSNWNLPMHXGDD-DFWOJPNQSA-N,4.657119274139404,0.0
Q6YMS4,IPQVTOJGNYVQEO-UHFFFAOYSA-N,5.407858848571777,0.0
Q6YMS4,OJICYBSWSZGRFB-UHFFFAOYSA-N,5.717318534851074,0.0
Q6YMS4,YVUQSNJEYSNKRX-UHFFFAOYSA-N,6.292021751403809,0.0
Q6YMS4,ZHKNLJLMDFQVHJ-RUZDIDTESA-N,4.907936096191406,0.0
Q6YMS4,GNRIZKKCNOBBMO-UHFFFAOYSA-N,5.581212043762207,0.0
Q6YMS4,CXQHYVUVSFXTMY-UHFFFAOYSA-N,5.03477668762207,0.0
Q6YMS4,QPGHEZZVRGUCDN-UHFFFAOYSA-N,4.803369045257568,0.0
Q6YMS4,MHDPPLULTMGBSI-UUOKFMHZSA-N,4.400730609893799,0.0
Q6YMS4,ZFSXZJXLKAJIGS-UHFFFAOYSA-N,5.829052448272705,0.0
Q6YMS4,NOWRLNPOENZFHP-ARHDFHRDSA-N,5.05227518081665,0.0
Q6YMS4,VHEJZMZHDUPRNV-UZYVYHOESA-N,5.492273330688477,0.0
Q6YMS4,MNHDKMDLOJSCGN-UHFFFAOYSA-N,5.443467140197754,0.0
Q6YMS4,AVDSOVJPJZVBTC-UHFFFAOYSA-N,4.604213237762451,0.0
Q6YMS4,BPLVDYJDAVYLRQ-UHFFFAOYSA-N,4.459929466247559,0.0
Q6YMS4,IJMBOKOTALXLKS-UHFFFAOYSA-N,5.308581829071045,0.0
Q6YMS4,OOUGLTULBSNHNF-UHFFFAOYSA-N,5.044671058654785,0.0
Q6YMS4,RGTPDNXJDCPXAB-UHFFFAOYSA-N,6.306863784790039,0.0
Q6YMS4,HSJFYRYGGKLQBT-UHFFFAOYSA-N,4.298410415649414,0.0
Q6YMS4,GQYIWUVLTXOXAJ-UHFFFAOYSA-N,4.810912609100342,0.0
Q6YMS4,BIIVYFLTOXDAOV-YVEFUNNKSA-N,5.248353481292725,0.0
Q6YMS4,QVFVAKQHELFATN-UHFFFAOYSA-N,4.751863479614258,0.0
Q6YMS4,ZFUDULLGKXSPPH-UHFFFAOYSA-N,5.472204208374023,0.0
Q6YMS4,WSTUJEXAPHIEIM-UHFFFAOYSA-N,4.3671956062316895,0.0
Q6YMS4,CDKNUFNIFGPFSF-AYVLZSQQSA-N,4.8152618408203125,0.0
Q6YMS4,UEQUQVLFIPOEMF-UHFFFAOYSA-N,6.408987998962402,0.0
Q6YMS4,MRFOPLWJZULAQD-SWGQDTFXSA-N,5.2710652351379395,0.0
Q6YMS4,QRGHOAATPOLDPF-BYICEURKSA-N,6.93084716796875,0.0
Q6YMS4,WZRCQWQRFZITDX-UHFFFAOYSA-N,5.407888412475586,0.0
Q6YMS4,KMUNHOKTIVSFRA-KXFIGUGUSA-N,7.797752380371094,0.0
Q6YMS4,RCLQNICOARASSR-SECBINFHSA-N,5.1141157150268555,0.0
Q6YMS4,RJMUSRYZPJIFPJ-UHFFFAOYSA-N,4.457596778869629,0.0
Q6YMS4,LAGYWHSFHIMTPE-UHFFFAOYSA-N,6.8493452072143555,0.0
Q6YMS4,TTZHDVOVKQGIBA-IQWMDFIBSA-N,5.508103847503662,0.0
Q6YMS4,DSLPMJSGSBLWRE-UHFFFAOYSA-N,4.959845542907715,0.0
Q6YMS4,UHIXWHUVLCAJQL-MPBGBICISA-N,4.786839485168457,0.0
Q6YMS4,CEFJVGZHQAGLHS-UHFFFAOYSA-N,5.863940238952637,0.0
Q6YMS4,DTOSIQBPPRVQHS-PDBXOOCHSA-N,4.31840705871582,0.0
Q6YMS4,RZERRLOTRSJIAW-NEPGVILWSA-N,5.347857475280762,0.0
Q6YMS4,QMVPQBFHUJZJCS-NTKFZFFISA-N,5.1547064781188965,0.0
Q6YMS4,QDITZBLZQQZVEE-YBEGLDIGSA-N,5.471242904663086,0.0
Q6YMS4,DOUYETYNHWVLEO-UHFFFAOYSA-N,5.274531364440918,0.0
Q6YMS4,UIARLYUEJFELEN-LROUJFHJSA-N,5.192303657531738,0.0
Q6YMS4,GPTXWRGISTZRIO-UHFFFAOYSA-N,4.702795028686523,0.0
Q6YMS4,ADGGYDAFIHSYFI-UHFFFAOYSA-N,6.044098854064941,0.0
Q6YMS4,WCKZRLOUKYFJDY-UHFFFAOYSA-N,5.069759845733643,0.0
Q6YMS4,FWFGIHPGRQZWIW-SQNIBIBYSA-N,4.505887985229492,0.0
Q6YMS4,JSKFWUPVIZYJMR-UDOAKELVSA-N,4.920351982116699,0.0
Q6YMS4,IFGWYHGYNVGVRB-UHFFFAOYSA-N,4.975216865539551,0.0
Q6YMS4,SQSZANZGUXWJEA-UHFFFAOYSA-N,6.804176330566406,0.0
Q6YMS4,BXRLWGXPSRYJDZ-UHFFFAOYSA-N,4.823209762573242,0.0
Q6YMS4,QXOPTIPQEVJERB-JQWIXIFHSA-N,6.030637741088867,0.0
Q6YMS4,RUJBDQSFYCKFAA-UHFFFAOYSA-N,6.126598358154297,0.0
Q6YMS4,OVPNQJVDAFNBDN-UHFFFAOYSA-N,4.715656280517578,0.0
Q6YMS4,UEFWDVMEDFCHGW-UHFFFAOYSA-N,5.116334915161133,0.0
Q6YMS4,LFVVNPBBFUSSHL-UHFFFAOYSA-N,5.760617256164551,0.0
Q6YMS4,CGBJSGAELGCMKE-UHFFFAOYSA-N,4.994098663330078,0.0
Q6YMS4,BBIPVJCGIASXJB-PKTZIBPZSA-N,5.095146656036377,0.0
Q6YMS4,VJJPUSNTGOMMGY-MRVIYFEKSA-N,4.924475193023682,0.0
Q6YMS4,WCWUXEGQKLTGDX-LLVKDONJSA-N,5.84713077545166,0.0
Q6YMS4,FIVSJYGQAIEMOC-ZGNKEGEESA-N,5.067313194274902,0.0
Q6YMS4,PCZOHLXUXFIOCF-BXMDZJJMSA-N,4.649645805358887,0.0
Q6YMS4,XFKVLKLCLYJKNF-MZNJEOGPSA-N,5.079273223876953,0.0
Q6YMS4,LCVIRAZGMYMNNT-UHFFFAOYSA-N,5.652405738830566,0.0
Q6YMS4,UEBBYLJZCHTLEG-UTKZUKDTSA-N,4.804267883300781,0.0
Q6YMS4,VYQNWZOUAUKGHI-UHFFFAOYSA-N,5.040590286254883,0.0
Q6YMS4,JFJZZMVDLULRGK-URLMMPGGSA-O,5.195333480834961,0.0
Q6YMS4,MXJWRABVEGLYDG-UHFFFAOYSA-N,5.813886642456055,0.0
Q6YMS4,CSBQPRGTYHAYKS-AATRIKPKSA-N,4.284960746765137,0.0
Q6YMS4,HYFHYPWGAURHIV-JFIAXGOJSA-N,4.824821472167969,0.0
Q6YMS4,DKMXWAOCNKDQMT-UHFFFAOYSA-N,7.1066789627075195,0.0
Q6YMS4,DKGZKTPJOSAWFA-UHFFFAOYSA-N,4.677511215209961,0.0
Q6YMS4,HRHKSTOGXBBQCB-VFWICMBZSA-N,4.750612258911133,0.0
Q6YMS4,WRNKIDLXXXIELU-IEBWSBKVSA-N,4.864173889160156,0.0
Q6YMS4,OTVAEFIXJLOWRX-NXEZZACHSA-N,6.334810256958008,0.0
Q6YMS4,OKBVVJOGVLARMR-QSWIMTSFSA-N,4.819696426391602,0.0
Q6YMS4,NNBGCSGCRSCFEA-UHFFFAOYSA-N,5.492801666259766,0.0
Q6YMS4,MAVDNGWEBZTACC-HNNXBMFYSA-N,5.299476623535156,0.0
Q6YMS4,GZTMFRUGZMZCRD-CFBAGHHKSA-N,4.823218822479248,0.0
Q6YMS4,MKPLKVHSHYCHOC-AHTXBMBWSA-N,5.440613746643066,0.0
Q6YMS4,SFOADSRLCHRTKT-UHFFFAOYSA-R,4.810568809509277,0.0
Q6YMS4,BTUDYMZUFKDIFZ-FHEMDEPNSA-N,4.968542098999023,0.0
Q6YMS4,GYLDXIAOMVERTK-UHFFFAOYSA-N,4.578376770019531,0.0
Q6YMS4,AAFJXZWCNVJTMK-UHFFFAOYSA-N,5.350506782531738,0.0
Q6YMS4,NZCRJKRKKOLAOJ-XRCRFVBUSA-N,5.475390434265137,0.0
Q6YMS4,PKCDDUHJAFVJJB-UHFFFAOYSA-N,4.932565689086914,0.0
Q6YMS4,YASAKCUCGLMORW-UHFFFAOYSA-N,4.965176582336426,0.0
Q6YMS4,DQOYUDHAZMAVLD-UHFFFAOYSA-N,5.357503414154053,0.0
Q6YMS4,VMKVDAAFMQKZJS-LFIBNONCSA-N,4.929265975952148,0.0
Q6YMS4,LSPANGZZENHZNJ-UHFFFAOYSA-N,4.4318671226501465,0.0
Q6YMS4,ZJVFLBOZORBYFE-UHFFFAOYSA-N,4.11872673034668,0.0
Q6YMS4,FGJIDQWRRLDGDB-CPIXEKRISA-N,4.815030097961426,0.0
Q6YMS4,QGQFNQWZHHSZIC-UHFFFAOYSA-N,5.953307151794434,0.0
Q6YMS4,DCRWIATZWHLIPN-QGZVFWFLSA-N,5.551248550415039,0.0
Q6YMS4,VZYCZNZBPPHOFY-UHFFFAOYSA-N,5.1463942527771,0.0
Q6YMS4,RYMZZMVNJRMUDD-HGQWONQESA-N,5.3903913497924805,0.0
Q6YMS4,QPDYBCZNGUJZDK-DNQXCXABSA-N,7.19215202331543,0.0
Q6YMS4,XCPGHVQEEXUHNC-UHFFFAOYSA-N,5.321725845336914,0.0
Q6YMS4,UKNVCOILWOLTLJ-UHFFFAOYSA-N,6.090023994445801,0.0
Q6YMS4,CFBUZOUXXHZCFB-UHFFFAOYSA-N,4.731844902038574,0.0
Q6YMS4,ILBRKJBKDGCSCB-UHFFFAOYSA-N,4.6735076904296875,0.0
Q6YMS4,SYWHXTATXSMDSB-GSLJADNHSA-N,4.187631607055664,0.0
Q6YMS4,MHDPPLULTMGBSI-UHFFFAOYSA-N,4.371389865875244,0.0
Q6YMS4,ZUZPCOQWSYNWLU-VIFPVBQESA-N,6.694428443908691,0.0
Q6YMS4,QADHLRWLCPCEKT-LOVVWNRFSA-N,5.238934516906738,0.0
Q6YMS4,HVFLCNVBZFFHBT-ZKDACBOMSA-N,5.429238319396973,0.0
Q6YMS4,SMQXDOVGKKMUIZ-UHFFFAOYSA-N,4.950218200683594,0.0
Q6YMS4,CMJCXYNUCSMDBY-ZDUSSCGKSA-N,6.048736572265625,0.0
Q6YMS4,RXBWRFDZXRAEJT-SZNOJMITSA-N,9.181225776672363,0.0
Q6YMS4,XEEQGYMUWCZPDN-UHFFFAOYSA-N,5.668672561645508,0.0
Q6YMS4,MRUDSZSRLQAPOG-UHFFFAOYSA-N,4.647098541259766,0.0
Q6YMS4,MJIHNNLFOKEZEW-RUZDIDTESA-N,6.327157020568848,0.0
Q6YMS4,CSMVOZKEWSOFER-UHFFFAOYSA-N,4.249176025390625,0.0
Q6YMS4,YEASNVKEKVHQLR-UHFFFAOYSA-N,5.605816841125488,0.0
Q6YMS4,JQBKWZPHJOEQAO-DVPVEWDBSA-N,4.695856094360352,0.0
Q6YMS4,OIZSVTOIBNSVOS-UHFFFAOYSA-N,4.654776573181152,0.0
Q6YMS4,VLCYCQAOQCDTCN-UHFFFAOYSA-N,4.8574323654174805,0.0
Q6YMS4,TYZROVQLWOKYKF-ZDUSSCGKSA-N,5.345172882080078,0.0
Q6YMS4,AKLMFDDQCHURPW-ISIOAQNYSA-N,4.952388286590576,0.0
Q6YMS4,UBQYURCVBFRUQT-UHFFFAOYSA-N,4.8381853103637695,0.0
Q6YMS4,GLBJJMFZWDBELO-UHFFFAOYSA-N,4.565311431884766,0.0
Q6YMS4,JQXXHWHPUNPDRT-WLSIYKJHSA-N,4.866029739379883,0.0
Q6YMS4,XMAYWYJOQHXEEK-OZXSUGGESA-N,4.687333106994629,0.0
Q6YMS4,QQOBRRFOVWGIMD-OJAKKHQRSA-N,4.883825778961182,0.0
Q6YMS4,FJZZPCZKBUKGGU-AUSIDOKSSA-N,4.894889831542969,0.0
Q6YMS4,VWFCHDSQECPREK-LURJTMIESA-N,5.905683517456055,0.0
Q6YMS4,GJXWDTUCERCKIX-UHFFFAOYSA-N,5.203273296356201,0.0
Q6YMS4,GQNZGCARKRHPOH-RQIKCTSVSA-N,7.123941421508789,0.0
Q6YMS4,NJSMWLQOCQIOPE-OCHFTUDZSA-N,4.771081924438477,0.0
Q6YMS4,XZEUAXYWNKYKPL-URLMMPGGSA-N,4.581801414489746,0.0
Q6YMS4,RVWNMGKSNGWLOL-GIIHNPQRSA-N,5.623748302459717,0.0
Q6YMS4,CYCXZGUVPDRYLG-FQEVSTJZSA-N,6.481226921081543,0.0
Q6YMS4,OGJPXUAPXNRGGI-UHFFFAOYSA-N,4.394697189331055,0.0
Q6YMS4,HHCBMISMPSAZBF-UHFFFAOYSA-N,6.308710098266602,0.0
Q6YMS4,LVXJQMNHJWSHET-AATRIKPKSA-N,4.986703872680664,0.0
Q6YMS4,JDUBGYFRJFOXQC-KRWDZBQOSA-N,5.538885116577148,0.0
Q6YMS4,MUOKSQABCJCOPU-UHFFFAOYSA-N,5.490873336791992,0.0
Q6YMS4,BHYRGODCLWGHQG-LCBDOTBSSA-N,5.417698383331299,0.0
Q6YMS4,CNTMOLDWXSVYKD-PSRNMDMQSA-N,5.900641441345215,0.0
Q6YMS4,YNWCUCSDUMVJKR-UHFFFAOYSA-N,5.343116760253906,0.0
Q6YMS4,BIAVGWDGIJKWRM-FQEVSTJZSA-N,5.169322490692139,0.0
Q6YMS4,KJNNWYBAOPXVJY-UHFFFAOYSA-N,4.608561992645264,0.0
Q6YMS4,ZLHFILGSQDJULK-UHFFFAOYSA-N,6.1308698654174805,0.0
Q6YMS4,BYRVKDUQDLJUBX-JJCDCTGGSA-N,4.747798919677734,0.0
Q6YMS4,CMLUGNQVANVZHY-POURPWNDSA-N,5.463876247406006,0.0
Q6YMS4,OGIAVRWXUPYGGC-UHFFFAOYSA-N,6.05742073059082,0.0
Q6YMS4,WMBWREPUVVBILR-WIYYLYMNSA-N,5.351154327392578,0.0
Q6YMS4,DSLCRNMTGWECHB-AMHTUMDSSA-N,6.154026031494141,0.0
Q6YMS4,DHZBEENLJMYSHQ-XCVPVQRUSA-N,4.995368003845215,0.0
Q6YMS4,BAYYCLWCHFVRLV-UHFFFAOYSA-N,6.185898780822754,0.0
Q6YMS4,FWYSMLBETOMXAG-QHCPKHFHSA-N,6.218845367431641,0.0
Q6YMS4,MAUYWACILHVRLR-UHFFFAOYSA-N,4.545779228210449,0.0
Q6YMS4,JZAMQDDHRXHDFR-UHFFFAOYSA-N,6.013908386230469,0.0
Q6YMS4,QFJCIRLUMZQUOT-HPLJOQBZSA-N,5.640989303588867,0.0
Q6YMS4,MPYLDWFDPHRTEG-PAAYLBSLSA-N,4.840984344482422,0.0
Q6YMS4,MJJALKDDGIKVBE-UHFFFAOYSA-N,4.814594268798828,0.0
Q6YMS4,UPJSUQWHUVLLNW-XMMPIXPASA-N,4.925002098083496,0.0
Q6YMS4,GBTODAKMABNGIJ-VWLOTQADSA-N,5.297842502593994,0.0
Q6YMS4,AOCCBINRVIKJHY-UHFFFAOYSA-N,5.4537272453308105,0.0
Q6YMS4,RTGDFNSFWBGLEC-SYZQJQIISA-N,5.185183525085449,0.0
Q6YMS4,BCGWQEUPMDMJNV-UHFFFAOYSA-N,4.8297624588012695,0.0
Q6YMS4,BHELIUBJHYAEDK-OAIUPTLZSA-N,4.522425651550293,0.0
Q6YMS4,PWWVAXIEGOYWEE-UHFFFAOYSA-N,5.499312400817871,0.0
Q6YMS4,MMNNTJYFHUDSKL-UHFFFAOYSA-N,5.703117370605469,0.0
Q6YMS4,NCDNCNXCDXHOMX-XGKFQTDJSA-N,9.043557167053223,0.0
Q6YMS4,DMQYDVBIPXAAJA-VHXPQNKSSA-N,5.190157890319824,0.0
Q6YMS4,CEUORZQYGODEFX-UHFFFAOYSA-N,5.472625732421875,0.0
Q6YMS4,DZZWHBIBMUVIIW-DTORHVGOSA-N,4.9594221115112305,0.0
Q6YMS4,PAVKBQLPQCDVNI-UHFFFAOYSA-N,4.583925724029541,0.0
Q6YMS4,OUSFTKFNBAZUKL-UHFFFAOYSA-N,4.8249006271362305,0.0
Q6YMS4,HYNBNUYQTQIHJK-UHFFFAOYSA-N,5.383869171142578,0.0
Q6YMS4,JXONINOYTKKXQQ-CQSZACIVSA-N,5.038274765014648,0.0
Q6YMS4,WTHRRGMBUAHGNI-LCYNINFDSA-N,6.376496315002441,0.0
Q6YMS4,LTLYEAJONXGNFG-DCAQKATOSA-N,4.749556541442871,0.0
Q6YMS4,GHASVSINZRGABV-UHFFFAOYSA-N,7.689454078674316,0.0
Q6YMS4,WDJUZGPOPHTGOT-XUDUSOBPSA-N,5.927973747253418,0.0
Q6YMS4,TXUZVZSFRXZGTL-QPLCGJKRSA-N,5.089729309082031,0.0
Q6YMS4,FYDWDCIFZSGNBU-UHFFFAOYSA-N,5.708504676818848,0.0
Q6YMS4,GEZHEQNLKAOMCA-RRZNCOCZSA-N,5.117727279663086,0.0
Q6YMS4,KTUFNOKKBVMGRW-UHFFFAOYSA-N,4.892494201660156,0.0
Q6YMS4,WELIVEBWRWAGOM-UHFFFAOYSA-N,7.433577537536621,0.0
Q6YMS4,QFLNTQDOVCLQKW-UHFFFAOYSA-N,5.003264904022217,0.0
Q6YMS4,NEHWBYHLYZGBNO-BVEPWEIPSA-N,5.776918888092041,0.0
Q6YMS4,VAAUVRVFOQPIGI-SPQHTLEESA-N,5.143523216247559,0.0
Q6YMS4,XGALLCVXEZPNRQ-UHFFFAOYSA-N,5.199593544006348,0.0
Q6YMS4,BURHGPHDEVGCEZ-KJGLQBJMSA-N,5.047218322753906,0.0
Q6YMS4,FGAPXYWEQVSGDJ-JVXZTZIISA-N,5.825225353240967,0.0
Q6YMS4,KBGAYAKRZNYFFG-BOHATCBPSA-N,5.277027130126953,0.0
Q6YMS4,UCVAQBJLJIKTFJ-MOPGFXCFSA-N,5.691053867340088,0.0
Q6YMS4,RPHLQSHHTJORHI-UHFFFAOYSA-N,5.242242336273193,0.0
Q6YMS4,PXZDWASDNFWKSD-UHFFFAOYSA-N,5.136232376098633,0.0
Q6YMS4,PAEZRCINULFAGO-OAQYLSRUSA-N,5.0707902908325195,0.0
Q6YMS4,JGPXDNKSIXAZEQ-SBBZOCNPSA-N,5.074052810668945,0.0
Q6YMS4,SBRXTSOCZITGQG-UHFFFAOYSA-N,4.915233612060547,0.0
Q6YMS4,PVEVXUMVNWSNIG-PDPGNHKXSA-N,5.259833335876465,0.0
Q6YMS4,JBPUGFODGPKTDW-SFHVURJKSA-N,6.039356231689453,0.0
Q6YMS4,AERLHOTUXIJQFV-RCPZPFRWSA-N,5.234847068786621,0.0
Q6YMS4,AIIXYCDTEGICEE-CTVCDRHFSA-N,5.569093704223633,0.0
Q6YMS4,ZJVAVRRLTFVZIP-UHFFFAOYSA-N,5.1520233154296875,0.0
Q6YMS4,IPMYMEWFZKHGAX-ZKSIBHASSA-N,4.308923721313477,0.0
Q6YMS4,NCXMLFZGDNKEPB-FFPOYIOWSA-N,4.820890426635742,0.0
Q6YMS4,HESSNRGIEVBPRB-QDDPNBLJSA-N,5.39678955078125,0.0
Q6YMS4,RJCWBNBKOKFWNY-IDPLTSGASA-N,5.260909080505371,0.0
Q6YMS4,YJQPYGGHQPGBLI-KGSXXDOSSA-N,4.864805221557617,0.0
Q6YMS4,PMXCMJLOPOFPBT-HNNXBMFYSA-N,4.771772384643555,0.0
Q6YMS4,XUBOMFCQGDBHNK-UHFFFAOYSA-N,4.351336479187012,0.0
Q6YMS4,WCWSTNLSLKSJPK-LKFCYVNXSA-N,8.386307716369629,0.0
Q6YMS4,KJHKTHWMRKYKJE-SUGCFTRWSA-N,9.316856384277344,0.0
Q6YMS4,VRQVVMDWGGWHTJ-CQSZACIVSA-N,5.999101638793945,0.0
Q6YMS4,FVIZARNDLVOMSU-IRFFNABBSA-N,4.8034563064575195,0.0
Q6YMS4,JWLGQCCDUJFFDB-ASDXVTRWSA-N,5.308035850524902,0.0
Q6YMS4,XGXOSJSGDNPEEF-NRFANRHFSA-N,4.9320855140686035,0.0
Q6YMS4,BYPIURIATSUHDW-UHFFFAOYSA-N,4.333532333374023,0.0
Q6YMS4,LDYMIBZOCSHLBG-UHFFFAOYSA-N,5.670153617858887,0.0
Q6YMS4,XOZUGNYVDXMRKW-AATRIKPKSA-N,4.771252632141113,0.0
Q6YMS4,SUBDBMMJDZJVOS-UHFFFAOYSA-N,5.400182723999023,0.0
Q6YMS4,STZYTFJPGGDRJD-FJJJPKKESA-N,5.170654296875,0.0
Q6YMS4,DWYRIWUZIJHQKQ-SANMLTNESA-N,6.803850173950195,0.0
Q6YMS4,KYGZCKSPAKDVKC-UHFFFAOYSA-N,4.085747241973877,0.0
Q6YMS4,HSVTZTOFRYKVEA-KGWLDMEJSA-N,5.978890419006348,0.0
Q6YMS4,RFIXURDMUINBMD-UHFFFAOYSA-N,4.614311218261719,0.0
Q6YMS4,SOLUWJRYJLAZCX-LYOVBCGYSA-N,6.48935604095459,0.0
Q6YMS4,YJQZYXCXBBCEAQ-ACJLOTCBSA-N,5.238193511962891,0.0
Q6YMS4,COVZYZSDYWQREU-UHFFFAOYSA-N,4.763645172119141,0.0
Q6YMS4,IPMQOGDSJZQLFX-BIBZJUPHSA-N,7.201932907104492,0.0
Q6YMS4,HWXVIOGONBBTBY-ONEGZZNKSA-N,4.659786224365234,0.0
Q6YMS4,LVASCWIMLIKXLA-LSDHHAIUSA-N,4.635542869567871,0.0
Q6YMS4,PWAUCHMQEXVFJR-PMAPCBKXSA-N,4.697147369384766,0.0
Q6YMS4,KXMZDGSRSGHMMK-VWLOTQADSA-N,4.679294586181641,0.0
Q6YMS4,MHXGEROHKGDZGO-UHFFFAOYSA-N,5.332372665405273,0.0
Q6YMS4,IWVRVEIKCBFZNF-UHFFFAOYSA-N,4.505309104919434,0.0
Q6YMS4,INAAIJLSXJJHOZ-UHFFFAOYSA-N,5.427285194396973,0.0
Q6YMS4,NSHPHXHGRHSMIK-JRIKCGFMSA-N,5.062765121459961,0.0
Q6YMS4,JSPUCPNQXKTYRO-LWILDLIXSA-N,5.709967613220215,0.0
Q6YMS4,RNLQIBCLLYYYFJ-UHFFFAOYSA-N,5.071787357330322,0.0
Q6YMS4,HOKDBMAJZXIPGC-MRXNPFEDSA-N,5.730912685394287,0.0
Q6YMS4,WUWFMDMBOJLQIV-UHFFFAOYSA-N,5.6663818359375,0.0
Q6YMS4,LOUPRKONTZGTKE-LHHVKLHASA-N,4.502110958099365,0.0
Q6YMS4,HWKQYGBAAMKHDY-UHFFFAOYSA-N,5.172781944274902,0.0
Q6YMS4,DADASRPKWOGKCU-FVTQAUBDSA-N,7.375402450561523,0.0
Q6YMS4,MDLAAYDRRZXJIF-UHFFFAOYSA-N,5.37498664855957,0.0
Q6YMS4,WYUSVOMTXWRGEK-HBWVYFAYSA-N,5.081611156463623,0.0
Q6YMS4,VPTONMHDLLMOOV-UHFFFAOYSA-N,6.027726173400879,0.0
Q6YMS4,WNAQOLSMVPFGTE-UHFFFAOYSA-N,5.4198126792907715,0.0
Q6YMS4,GMVPRGQOIOIIMI-DWKJAMRDSA-N,4.5366644859313965,0.0
Q6YMS4,JUZYLCPPVHEVSV-LJQANCHMSA-N,7.814062118530273,0.0
Q6YMS4,ZISJNXNHJRQYJO-CMDGGOBGSA-N,3.9341681003570557,0.0
Q6YMS4,BJDCWCLMFKKGEE-ISOSDAIHSA-N,5.788581848144531,0.0
Q6YMS4,IWIVCNVLSKNJJS-VLMZJYNESA-N,4.296483993530273,0.0
Q6YMS4,JAYAGJDXJIDEKI-PTGWOZRBSA-N,6.255945205688477,0.0
Q6YMS4,LHNIIDJUOCFXAP-UHFFFAOYSA-N,6.198664665222168,0.0
Q6YMS4,CTQMJYWDVABFRZ-UHFFFAOYSA-N,4.658381462097168,0.0
Q6YMS4,WLOHNSSYAXHWNR-DWIOZXRMSA-N,5.0246262550354,0.0
Q6YMS4,AAKJLRGGTJKAMG-UHFFFAOYSA-N,4.8688154220581055,0.0
Q6YMS4,JETQIUPBHQNHNZ-NJBDSQKTSA-N,4.175232410430908,0.0
Q6YMS4,HSNUXANXVHLGQT-HXUWFJFHSA-N,4.514188766479492,0.0
Q6YMS4,VPBYZLCHOKSGRX-UHFFFAOYSA-N,4.964926719665527,0.0
Q6YMS4,SIMWTRCFFSTNMG-AWEZNQCLSA-N,5.576395034790039,0.0
Q6YMS4,RSPDBEVKURKEII-ZCFIWIBFSA-N,6.184395790100098,0.0
Q6YMS4,POERAARDVFVDLO-QGZVFWFLSA-N,4.6180315017700195,0.0
Q6YMS4,ZHJGWYRLJUCMRT-QGZVFWFLSA-N,5.4015913009643555,0.0
Q6YMS4,AQHHHDLHHXJYJD-UHFFFAOYSA-N,5.626119613647461,0.0
Q6YMS4,GZUITABIAKMVPG-UHFFFAOYSA-N,4.954046249389648,0.0
Q6YMS4,XZAFZXJXZHRNAQ-STQMWFEESA-N,4.839032173156738,0.0
Q6YMS4,DALKLAYLIPSCQL-YPYQNWSCSA-N,4.679892539978027,0.0
Q6YMS4,FNDDDNOJWPQCBZ-ZDUSSCGKSA-N,5.601324081420898,0.0
Q6YMS4,SGDBTWWWUNNDEQ-LBPRGKRZSA-N,4.91077995300293,0.0
Q6YMS4,AQLVRTWKJDTWQQ-SDBHATRESA-N,5.402364253997803,0.0
Q6YMS4,QMGGMESMCJCABO-JARXUMMXSA-N,5.127799034118652,0.0
Q6YMS4,HHJUWIANJFBDHT-KOTLKJBCSA-N,4.701529502868652,0.0
Q6YMS4,WVUNYSQLFKLYNI-AATRIKPKSA-N,6.233782768249512,0.0
Q6YMS4,ATLJNLYIJOCWJE-CWMZOUAVSA-N,4.978950500488281,0.0
Q6YMS4,IRSCQMHQWWYFCW-UHFFFAOYSA-N,5.417646408081055,0.0
Q6YMS4,SUJUHGSWHZTSEU-FYBSXPHGSA-N,7.398075103759766,0.0
Q6YMS4,UJRRDDHEMZLWFI-UHFFFAOYSA-N,6.074424743652344,0.0
Q6YMS4,LTDOHCZUKCZDEQ-BJOHPYRUSA-N,4.754067897796631,0.0
Q6YMS4,KHOITXIGCFIULA-UHFFFAOYSA-N,4.819570541381836,0.0
Q6YMS4,CXGTZJYQWSUFET-IBGZPJMESA-N,5.231514930725098,0.0
Q6YMS4,GNDPAVKYAUIVEB-ZROIWOOFSA-N,5.201024055480957,0.0
Q6YMS4,OHRURASPPZQGQM-GCCNXGTGSA-N,5.163826942443848,0.0
Q6YMS4,RITAVMQDGBJQJZ-FMIVXFBMSA-N,5.406579971313477,0.0
Q6YMS4,GMIZZEXBPRLVIV-SECBINFHSA-N,6.437534332275391,0.0
Q6YMS4,ASSNCSVJAZEMQG-UHFFFAOYSA-N,5.952784538269043,0.0
Q6YMS4,DJUFPMUQJKWIJB-UHFFFAOYSA-N,6.241874694824219,0.0
Q6YMS4,BUXNKFNNJJTLOS-UHFFFAOYSA-N,4.6317644119262695,0.0
Q6YMS4,PQLXHQMOHUQAKB-UHFFFAOYSA-N,5.505948066711426,0.0
Q6YMS4,LRKDYEMHDRMUKA-XJDOXCRVSA-N,6.581666946411133,0.0
Q6YMS4,KMNLXCBYBKHKSK-BKMJKUGQSA-N,5.276866436004639,0.0
Q6YMS4,DDFOUSQFMYRUQK-RCDICMHDSA-N,4.845803260803223,0.0
Q6YMS4,PXSOHRWMIRDKMP-UHFFFAOYSA-N,5.378993988037109,0.0
Q6YMS4,CIKWKGFPFXJVGW-UHFFFAOYSA-N,4.374309539794922,0.0
Q6YMS4,IMOZEMNVLZVGJZ-QGZVFWFLSA-N,4.089057922363281,0.0
Q6YMS4,LTXREWYXXSTFRX-QGZVFWFLSA-N,6.015966415405273,0.0
Q6YMS4,QVNZBDLTUKCPGJ-SHQCIBLASA-N,4.893735885620117,0.0
Q6YMS4,MMSNEKOTSJRTRI-LLVKDONJSA-N,6.150984764099121,0.0
Q6YMS4,XACKNLSZYYIACO-DJLDLDEBSA-N,7.447422981262207,0.0
Q6YMS4,LLVZBTWPGQVVLW-SNAWJCMRSA-N,4.560417175292969,0.0
Q6YMS4,WYXSYVWAUAUWLD-SHUUEZRQSA-N,5.906256675720215,0.0
Q6YMS4,ZADGGFKUEYIBJC-UHFFFAOYSA-N,4.844344139099121,0.0
Q6YMS4,WVLHHLRVNDMIAR-IBGZPJMESA-N,5.807226181030273,0.0
Q6YMS4,PTJGLFIIZFVFJV-UHFFFAOYSA-N,5.9891157150268555,0.0
Q6YMS4,XRVDGNKRPOAQTN-FQEVSTJZSA-N,4.613486289978027,0.0
Q6YMS4,YANGEESWIGIKOP-UUWRZZSWSA-N,5.016538619995117,0.0
Q6YMS4,AFYOQRIZFPJUAR-UBTCORFISA-N,4.429503440856934,0.0
Q6YMS4,FILYHFFLMZBUSY-UHFFFAOYSA-N,4.788694858551025,0.0
Q6YMS4,QLLGKCJUPWYJON-HLTSFMKQSA-N,6.160965919494629,0.0
Q6YMS4,JBSNALXXNTWUEC-SFQUDFHCSA-N,5.104641914367676,0.0
Q6YMS4,DDNCQMVWWZOMLN-IRLDBZIGSA-N,6.093666076660156,0.0
Q6YMS4,FIHJKUPKCHIPAT-AHIGJZGOSA-N,6.133861541748047,0.0
Q6YMS4,PWZUUYSISTUNDW-VAFBSOEGSA-N,6.351832389831543,0.0
Q6YMS4,QNAYBMKLOCPYGJ-REOHCLBHSA-N,4.604361534118652,0.0
Q6YMS4,LUOUCHOLMUUZBO-SVSXJNCISA-N,4.61716365814209,0.0
Q6YMS4,JRNJNYBQQYBCLE-UHFFFAOYSA-N,7.019325256347656,0.0
Q6YMS4,IJWPAFMIFNSIGD-UHFFFAOYSA-N,6.563640594482422,0.0
Q6YMS4,MJZJYWCQPMNPRM-UHFFFAOYSA-N,4.876485347747803,0.0
Q6YMS4,YLJOVCWVJCDPLN-UHFFFAOYSA-N,6.490857124328613,0.0
Q6YMS4,WGMASVSHOSNKMF-UHFFFAOYSA-N,4.6275129318237305,0.0
Q6YMS4,WOVKYSAHUYNSMH-RRKCRQDMSA-N,4.590126991271973,0.0
Q6YMS4,QGYGTMZEJNOHNU-UHFFFAOYSA-N,5.265968322753906,0.0
Q6YMS4,UHQFBTAJFNVZIV-UHFFFAOYSA-N,5.7367706298828125,0.0
Q6YMS4,AYUNIORJHRXIBJ-TXHRRWQRSA-N,4.7756428718566895,0.0
Q6YMS4,YOVVNQKCSKSHKT-HNNXBMFYSA-N,5.111515998840332,0.0
Q6YMS4,PHEZJEYUWHETKO-UHFFFAOYSA-N,5.308742523193359,0.0
Q6YMS4,BMQGVNUXMIRLCK-OAGWZNDDSA-N,5.445390701293945,0.0
Q6YMS4,FHFYDNQZQSQIAI-UHFFFAOYSA-N,4.463788986206055,0.0
Q6YMS4,FGTCROZDHDSNIO-UHFFFAOYSA-N,4.606842994689941,0.0
Q6YMS4,DDYJDIHOSRTMSE-DHZHZOJOSA-N,5.534040451049805,0.0
Q6YMS4,ZATDYQOGSPTLBG-UHFFFAOYSA-N,5.094000339508057,0.0
Q6YMS4,SGTNSNPWRIOYBX-UHFFFAOYSA-N,5.868025779724121,0.0
Q6YMS4,PGSRKJVMAOWDEC-SXOMAYOGSA-N,6.298013687133789,0.0
Q6YMS4,VMDUABMKBUKKPG-UHFFFAOYSA-N,4.898878574371338,0.0
Q6YMS4,VHXNKPBCCMUMSW-FQEVSTJZSA-N,5.641388893127441,0.0
Q6YMS4,QTRALMGDQMIVFF-UHFFFAOYSA-N,5.210528373718262,0.0
Q6YMS4,CNIJVNPIIHWRRP-UHFFFAOYSA-N,4.861102104187012,0.0
Q6YMS4,WDFKMLRRRCGAKS-UHFFFAOYSA-N,4.826946258544922,0.0
Q6YMS4,JLUPGSPHOGFEOB-WQLSENKSSA-N,4.244123458862305,0.0
Q6YMS4,WJRRGYBTGDJBFX-UHFFFAOYSA-N,6.722831726074219,0.0
Q6YMS4,JCYZMTMYPZHVBF-UHFFFAOYSA-N,4.956311225891113,0.0
Q6YMS4,VXHRQVMQVYQGQG-UHFFFAOYSA-N,5.386028289794922,0.0
Q6YMS4,AEOCXXJPGCBFJA-UHFFFAOYSA-N,6.514425277709961,0.0
Q6YMS4,KMIPKYQIOVAHOP-YLGJWRNMSA-N,4.658936500549316,0.0
Q6YMS4,GZKLJWGUPQBVJQ-UHFFFAOYSA-N,5.624459266662598,0.0
Q6YMS4,MBBCVAKAJPKAKM-UHFFFAOYSA-N,4.949157238006592,0.0
Q6YMS4,IBDYYOQKQCCSDP-QFIPXVFZSA-N,4.756859302520752,0.0
Q6YMS4,HJXPKHCLLLRQDL-HFCXZPKYSA-N,5.722882270812988,0.0
Q6YMS4,JURYTIUJMYPBNN-GKCIPKSASA-N,4.340949535369873,0.0
Q6YMS4,HBOMLICNUCNMMY-XLPZGREQSA-N,5.197683811187744,0.0
Q6YMS4,QNLWMPLUWMWDMQ-YTTGMZPUSA-N,4.763957977294922,0.0
Q6YMS4,ODUOJXZPIYUATO-UHFFFAOYSA-N,5.011936187744141,0.0
Q6YMS4,QWKAUGRRIXBIPO-UHFFFAOYSA-N,5.7590765953063965,0.0
Q6YMS4,OZOGDCZJYVSUBR-UHFFFAOYSA-N,4.851923942565918,0.0
Q6YMS4,CVAKNHIXTWLGJO-UHFFFAOYSA-N,4.898639678955078,0.0
Q6YMS4,WEEYASWRWODDTJ-ZDUSSCGKSA-N,5.727006912231445,0.0
Q6YMS4,GXXLUDOKHXEFBQ-YJFSRANCSA-N,5.016876220703125,0.0
Q6YMS4,XNULRSOGWPFPBL-REWPJTCUSA-N,6.342615127563477,0.0
Q6YMS4,GXCZZAKPGMYPDJ-UHFFFAOYSA-N,5.794236183166504,0.0
Q6YMS4,WKLGNFJHVJIZPK-UHFFFAOYSA-N,4.768484115600586,0.0
Q6YMS4,IFFPICMESYHZPQ-UHFFFAOYSA-N,5.605303764343262,0.0
Q6YMS4,RPTUSVTUFVMDQK-UHFFFAOYSA-N,4.452552318572998,0.0
Q6YMS4,UIWZIDIJCUEOMT-UHFFFAOYSA-N,5.862945556640625,0.0
Q6YMS4,GAWOVNGQYQVFLI-UHFFFAOYSA-N,4.545079231262207,0.0
Q6YMS4,VMEJANRODATDOF-UHFFFAOYSA-N,4.867077827453613,0.0
Q6YMS4,VEPKQEUBKLEPRA-UHFFFAOYSA-N,5.5600152015686035,0.0
Q6YMS4,MHFRGQHAERHWKZ-UHFFFAOYSA-N,4.994379997253418,0.0
Q6YMS4,URCVCIZFVQDVPM-UHFFFAOYSA-N,4.6869401931762695,0.0
Q6YMS4,SBMNVHIVWGXGAG-HOFKKMOUSA-N,5.455136775970459,0.0
Q6YMS4,SUXQDLLXIBLQHW-UHFFFAOYSA-N,5.13332462310791,0.0
Q6YMS4,BZGHPHUNZKSCKZ-UHFFFAOYSA-N,4.999236583709717,0.0
Q6YMS4,NEMNPWINWMHUMR-UHFFFAOYSA-N,4.802851676940918,0.0
Q6YMS4,HPIUHDCRVYDAEJ-UHFFFAOYSA-N,5.638753890991211,0.0
Q6YMS4,KNHLHFDFFDCJJR-NXEZZACHSA-N,4.7427144050598145,0.0
Q6YMS4,AECDBHGVIIRMOI-UHFFFAOYSA-N,6.080514907836914,0.0
Q6YMS4,PBHFNBQPZCRWQP-AZUAARDMSA-N,5.566749572753906,0.0
Q6YMS4,GWFOVSGRNGAGDL-FSDSQADBSA-N,4.643138408660889,0.0
Q6YMS4,BLUAFEHZUWYNDE-NNWCWBAJSA-N,6.002678871154785,0.0
Q6YMS4,IHIUGIVXARLYHP-UXNJHFGPSA-N,5.49595308303833,0.0
Q6YMS4,RXTHKWVSXOIHJS-UHFFFAOYSA-N,4.401091575622559,0.0
Q6YMS4,MXWZRRPNVLCHMY-UHFFFAOYSA-N,5.551435470581055,0.0
Q6YMS4,FUWFSXZKBMCSKF-ZASNTINBSA-N,6.2565813064575195,0.0
Q6YMS4,MAFACRSJGNJHCF-UHFFFAOYSA-N,4.541460990905762,0.0
Q6YMS4,SNUDIPVBUUXCDG-QHSBEEBCSA-N,4.907073020935059,0.0
Q6YMS4,YOQPCWIXYUNEET-UHFFFAOYSA-N,4.764821529388428,0.0
Q6YMS4,WBSWOKCKZUNHQV-ZETCQYMHSA-N,4.563329696655273,0.0
Q6YMS4,STQGQHZAVUOBTE-VGBVRHCVSA-N,5.717500686645508,0.0
Q6YMS4,PWVXXGRKLHYWKM-LJQANCHMSA-N,5.578214645385742,0.0
Q6YMS4,BYKBUQDQTLDNLE-KBPBESRZSA-N,5.370301246643066,0.0
Q6YMS4,YIMHGPSYDOGBPI-IQQSWPBXSA-N,4.70623779296875,0.0
Q6YMS4,XPNMCDYOYIKVGB-CONSDPRKSA-N,4.77434778213501,0.0
Q6YMS4,OWEGWHBOCFMBLP-UHFFFAOYSA-N,5.167585372924805,0.0
Q6YMS4,KJVQYDYPDFFJMP-UHFFFAOYSA-N,5.807003974914551,0.0
Q6YMS4,VJLRLTSXTLICIR-UHFFFAOYSA-N,5.130236625671387,0.0
Q6YMS4,ZGUGWUXLJSTTMA-UHFFFAOYSA-N,6.054695129394531,0.0
Q6YMS4,LRMJAFKKJLRDLE-UHFFFAOYSA-N,6.022500991821289,0.0
Q6YMS4,LNGNTCFORRWFSF-DVTGEIKXSA-N,4.316185474395752,0.0
Q6YMS4,DWZAEMINVBZMHQ-UHFFFAOYSA-N,5.942828178405762,0.0
Q6YMS4,HTAFVGKAHGNWQO-UHFFFAOYSA-N,4.446601390838623,0.0
Q6YMS4,DHRSMTKISIZCET-VYXZUABCSA-N,6.191555976867676,0.0
Q6YMS4,ANZIOUQAFBXNHU-UHFFFAOYSA-N,5.352229595184326,0.0
Q6YMS4,MSHZHSPISPJWHW-PVDLLORBSA-N,6.502429008483887,0.0
Q6YMS4,MPMZSZMDCRPSRF-UHFFFAOYSA-N,6.582853317260742,0.0
Q6YMS4,BTTNOGHPGJANSW-IBGZPJMESA-N,7.401898384094238,0.0
Q6YMS4,BVAHPPKGOOJSPU-UHFFFAOYSA-N,6.093544960021973,0.0
Q6YMS4,AYCPARAPKDAOEN-LJQANCHMSA-N,5.081513404846191,0.0
Q6YMS4,DOMWKUIIPQCAJU-LJHIYBGHSA-N,5.2627153396606445,0.0
Q6YMS4,FASDKYOPVNHBLU-ZETCQYMHSA-N,4.967378616333008,0.0
Q6YMS4,RXZMYLDMFYNEIM-UHFFFAOYSA-N,5.048870086669922,0.0
Q6YMS4,VQJHOPSWBGJHQS-UHFFFAOYSA-N,6.146246910095215,0.0
Q6YMS4,JYJKOWWSKTWAJA-RTWAWAEBSA-N,5.179837226867676,0.0
Q6YMS4,SDUQYLNIPVEERB-QPPQHZFASA-N,5.556002616882324,0.0
Q6YMS4,KASDHRXLYQOAKZ-XDSKOBMDSA-N,5.020593166351318,0.0
Q6YMS4,ROWSTIYZUWEOMM-UHFFFAOYSA-N,4.677870273590088,0.0
Q6YMS4,SFLSHLFXELFNJZ-QMMMGPOBSA-N,4.872885227203369,0.0
Q6YMS4,HNTGDFCASLOZEZ-PGDDNOQISA-N,4.836787700653076,0.0
Q6YMS4,OHUHVTCQTUDPIJ-JYCIKRDWSA-N,5.096292495727539,0.0
Q6YMS4,BXNMTOQRYBFHNZ-UHFFFAOYSA-N,4.947454452514648,0.0
Q6YMS4,GCWIQUVXWZWCLE-INIZCTEOSA-N,5.998918533325195,0.0
Q6YMS4,AFSDNFLWKVMVRB-UHFFFAOYSA-N,5.482336521148682,0.0
Q6YMS4,QLUYMIVVAYRECT-OCCSQVGLSA-N,5.346734046936035,0.0
Q6YMS4,AKUJBENLRBOFTD-RPRRAYFGSA-N,4.44981575012207,0.0
Q6YMS4,OKFDRAHPFKMAJH-UHFFFAOYSA-N,4.771858215332031,0.0
Q6YMS4,KPQZUUQMTUIKBP-UHFFFAOYSA-N,4.875202178955078,0.0
Q6YMS4,HCIBTBXNLVOFER-UHFFFAOYSA-N,4.528399467468262,0.0
Q6YMS4,BNRNXUUZRGQAQC-UHFFFAOYSA-N,6.468414306640625,0.0
Q6YMS4,RTHCYVBBDHJXIQ-INIZCTEOSA-N,5.5366129875183105,0.0
Q6YMS4,AUZONCFQVSMFAP-UHFFFAOYSA-N,5.382061958312988,0.0
Q6YMS4,FEJKLNWAOXSSNR-UHFFFAOYSA-N,4.232481956481934,0.0
Q6YMS4,RJKFOVLPORLFTN-LEKSSAKUSA-N,4.971121788024902,0.0
Q6YMS4,XEFQLINVKFYRCS-UHFFFAOYSA-N,5.094061851501465,0.0
Q6YMS4,QZVNQOLPLYWLHQ-ZEQKJWHPSA-N,4.469412326812744,0.0
Q6YMS4,PZUJQWHTIRWCID-HXUWFJFHSA-N,7.610015869140625,0.0
Q6YMS4,CJXAEXPPLWQRFR-UHFFFAOYSA-N,7.943084716796875,0.0
Q6YMS4,HKGUHEGKBLYKHY-QMOZSOIISA-N,5.77171516418457,0.0
Q6YMS4,LSHVYAFMTMFKBA-TZIWHRDSSA-N,5.32431697845459,0.0
Q6YMS4,DBOZSKOENGSGEJ-UHFFFAOYSA-N,5.767687797546387,0.0
Q6YMS4,YKFWMDHZMQLWBO-UHFFFAOYSA-N,5.757388114929199,0.0
Q6YMS4,KVSKGMLNBAPGKH-UHFFFAOYSA-N,6.6971540451049805,0.0
Q6YMS4,BIZCZAJFIUSFDU-UHFFFAOYSA-N,6.82369327545166,0.0
Q6YMS4,NRJKIOCCERLIDG-GOSISDBHSA-N,7.158186912536621,0.0
Q6YMS4,RHRAMPXHWHSKQB-GGEUKFTFSA-N,4.495918273925781,0.0
Q6YMS4,CJPLEFFCVDQQFZ-UHFFFAOYSA-N,4.797046661376953,0.0
Q6YMS4,UQRORFVVSGFNRO-UTINFBMNSA-N,5.100493431091309,0.0
Q6YMS4,VLULRUCCHYVXOH-UHFFFAOYSA-N,4.248942852020264,0.0
Q6YMS4,GTUIRORNXIOHQR-VIFPVBQESA-N,4.429560661315918,0.0
Q6YMS4,NPJIOCBFOAHEDO-AVWFULIKSA-N,6.136236190795898,0.0
Q6YMS4,HUASEDVYRABWCV-NDEPHWFRSA-N,5.136376857757568,0.0
Q6YMS4,SVYRYFAUQHVGAI-BMWLXYDHSA-N,5.399594783782959,0.0
Q6YMS4,VNFPBHJOKIVQEB-UHFFFAOYSA-N,6.461444854736328,0.0
Q6YMS4,GKIRPKYJQBWNGO-OCEACIFDSA-N,5.808596611022949,0.0
Q6YMS4,DENYZIUJOTUUNY-MRXNPFEDSA-N,6.495730400085449,0.0
Q6YMS4,ADFCQWZHKCXPAJ-GFCCVEGCSA-N,5.230657577514648,0.0
Q6YMS4,AXNGJCOYCMDPQG-UHFFFAOYSA-N,5.414855003356934,0.0
Q6YMS4,BPZSYCZIITTYBL-YJYMSZOUSA-N,6.041557312011719,0.0
Q6YMS4,XQFRJNBWHJMXHO-RRKCRQDMSA-N,6.265572547912598,0.0
Q6YMS4,IDUMOVRJNBNOTR-BIZLIJPVSA-N,5.242142677307129,0.0
Q6YMS4,WNGFKUOERJDDIY-OQLLNIDSSA-N,4.592619895935059,0.0
Q6YMS4,DCDXHGMCXGHXBM-PMACEKPBSA-N,4.528660774230957,0.0
Q6YMS4,ZPBLNADJHWHOEP-UHFFFAOYSA-N,4.495052814483643,0.0
Q6YMS4,JHBIMJKLBUMNAU-UHFFFAOYSA-N,5.632596969604492,0.0
Q6YMS4,ZAJXXUDARPGGOC-UHFFFAOYSA-N,5.256886005401611,0.0
Q6YMS4,SEDUMQWZEOMXSO-UHFFFAOYSA-N,5.114082336425781,0.0
Q6YMS4,IJTPLVAAROHGGB-UHFFFAOYSA-N,4.537108421325684,0.0
Q6YMS4,KJEBULYHNRNJTE-DHZHZOJOSA-N,4.200178146362305,0.0
Q6YMS4,DLPIYBKBHMZCJI-WBVHZDCISA-N,5.567572593688965,0.0
Q6YMS4,UWJUQVWARXYRCG-HIFRSBDPSA-N,5.956244468688965,0.0
Q6YMS4,CDOOFZZILLRUQH-GDLZYMKVSA-N,6.144988059997559,0.0
Q6YMS4,FLSUCZWOEMTFAQ-PRBGKLEPSA-N,4.244661808013916,0.0
Q6YMS4,JLPYLHLUHJOPNL-UHFFFAOYSA-N,4.574672698974609,0.0
Q6YMS4,ZCOLJUOHXJRHDI-CMWLGVBASA-N,4.351768493652344,0.0
Q6YMS4,LITNEAPWQHVPOK-FFSVYQOJSA-N,4.473174571990967,0.0
Q6YMS4,XUKUURHRXDUEBC-KAYWLYCHSA-N,4.911661148071289,0.0
Q6YMS4,XBJBPGROQZJDOJ-UHFFFAOYSA-N,6.893111228942871,0.0
Q6YMS4,WDDPHFBMKLOVOX-AYQXTPAHSA-N,5.4231977462768555,0.0
Q6YMS4,DBRXOUCRJQVYJQ-CKNDUULBSA-N,4.500709533691406,0.0
Q6YMS4,NSYZCCDSJNWWJL-YXOIYICCSA-N,5.02596378326416,0.0
Q6YMS4,ULGZDMOVFRHVEP-RWJQBGPGSA-N,4.690950393676758,0.0
Q6YMS4,ZDZOTLJHXYCWBA-VCVYQWHSSA-N,5.110010623931885,0.0
Q6YMS4,XFCLJVABOIYOMF-QPLCGJKRSA-N,4.88323450088501,0.0
Q6YMS4,KSOVGRCOLZZTPF-QMKUDKLTSA-N,7.108410835266113,0.0
Q6YMS4,VOJLELRQLPENHL-UHFFFAOYSA-N,4.304772853851318,0.0
Q6YMS4,ONJQDTZCDSESIW-UHFFFAOYSA-N,5.894660949707031,0.0
Q6YMS4,AIUJHENHBJHHMY-UHFFFAOYSA-N,6.121552467346191,0.0
Q6YMS4,MNABRWLVTSGIMU-FQEVSTJZSA-N,4.175556182861328,0.0
Q6YMS4,QZUCKCLSVBFSOS-INIZCTEOSA-N,4.8447089195251465,0.0
Q6YMS4,ONKUMRGIYFNPJW-KIEAKMPYSA-N,5.3424787521362305,0.0
Q6YMS4,GDCJHDUWWAKBIW-UHFFFAOYSA-N,5.208702087402344,0.0
Q6YMS4,BMGQWWVMWDBQGC-IIFHNQTCSA-N,4.908115863800049,0.0
Q6YMS4,MAYQIFVKVAUMPD-UHFFFAOYSA-N,5.115921974182129,0.0
Q6YMS4,YNCLPFSAZFGQCD-UHFFFAOYSA-N,4.3922624588012695,0.0
Q6YMS4,JPOJKNJIKXMZRB-UHFFFAOYSA-N,4.710794448852539,0.0
Q6YMS4,XPPBBJCBDOEXDN-UHFFFAOYSA-N,6.071432113647461,0.0
Q6YMS4,GMIZZEXBPRLVIV-UHFFFAOYSA-N,6.415830612182617,0.0
Q6YMS4,OLCWFLWEHWLBTO-HSZRJFAPSA-N,7.549812316894531,0.0
Q6YMS4,OJSFTALXCYKKFQ-YLJYHZDGSA-N,4.598715305328369,0.0
Q6YMS4,NOIIUHRQUVNIDD-UHFFFAOYSA-N,4.993709564208984,0.0
Q6YMS4,NAMOLZVVTPNNTE-UHFFFAOYSA-N,5.735353469848633,0.0
Q6YMS4,PZFAZQUREQIODZ-LJQANCHMSA-N,5.327137470245361,0.0
Q6YMS4,WHTVZRBIWZFKQO-UHFFFAOYSA-N,3.9174389839172363,0.0
Q6YMS4,DGWUVKLBXCWNTA-UHFFFAOYSA-N,5.696600914001465,0.0
Q6YMS4,WXJFKKQWPMNTIM-VWLOTQADSA-N,4.499005317687988,0.0
Q6YMS4,RDALZZCKQFLGJP-UHFFFAOYSA-N,6.201105117797852,0.0
Q6YMS4,GFUITADOEPNRML-SJORKVTESA-N,4.648595809936523,0.0
Q6YMS4,GBABOYUKABKIAF-IELIFDKJSA-N,6.393622398376465,0.0
Q6YMS4,BGJMKHPWCFXMOW-UHFFFAOYSA-N,5.070009231567383,0.0
Q6YMS4,DBESQBZOXMCXPV-UHFFFAOYSA-N,5.148710250854492,0.0
Q6YMS4,RYYVLZVUVIJVGH-UHFFFAOYSA-N,4.870929718017578,0.0
Q6YMS4,ZAKKEARLDPTRLX-UHFFFAOYSA-N,4.810744762420654,0.0
Q6YMS4,MDNWOSOZYLHTCG-UHFFFAOYSA-N,4.61268424987793,0.0
Q6YMS4,VDHAWDNDOKGFTD-MRXNPFEDSA-N,5.2627272605896,0.0
Q6YMS4,ALKJNCZNEOTEMP-UHFFFAOYSA-N,5.6239776611328125,0.0
Q6YMS4,ARPYQKTVRGFPIS-VIFPVBQESA-N,5.182236671447754,0.0
Q6YMS4,NMDYYWFGPIMTKO-HBVLKOHWSA-N,5.506669998168945,0.0
Q6YMS4,DSFNLJXHXBIKDS-UHFFFAOYSA-N,4.82640266418457,0.0
Q6YMS4,JXAGDPXECXQWBC-LJQANCHMSA-N,5.345508098602295,0.0
Q6YMS4,ZOWQTJXNFTWSCS-IAQYHMDHSA-N,5.045260429382324,0.0
Q6YMS4,FBOZXECLQNJBKD-ZDUSSCGKSA-N,4.906226634979248,0.0
Q6YMS4,WIQRCHMSJFFONW-HNNXBMFYSA-N,4.8017683029174805,0.0
Q6YMS4,XDZKBRJLTGRPSS-BGZQYGJUSA-N,4.732048988342285,0.0
Q6YMS4,YYCCUFKHCNSRIA-HJWRWDBZSA-N,4.731973648071289,0.0
Q6YMS4,BCEHBSKCWLPMDN-MGPLVRAMSA-N,6.436746597290039,0.0
Q6YMS4,LNMRSSIMGCDUTP-UHFFFAOYSA-N,4.731476783752441,0.0
Q6YMS4,ZLHZLMOSPGACSZ-NSHDSACASA-N,6.445773124694824,0.0
Q6YMS4,YUAALFPUEOYPNX-UHFFFAOYSA-N,6.311933517456055,0.0
Q6YMS4,WXHHICFWKXDFOW-BJMVGYQFSA-N,4.806711196899414,0.0
Q6YMS4,FOFDIMHVKGYHRU-UHFFFAOYSA-N,4.689107894897461,0.0
Q6YMS4,JEGHXKRHKHPBJD-UHFFFAOYSA-N,4.877466201782227,0.0
Q6YMS4,XCOWUOOCXCXCNS-UHFFFAOYSA-N,4.918272972106934,0.0
Q6YMS4,WOFMFGQZHJDGCX-ZULDAHANSA-N,5.251307487487793,0.0
Q6YMS4,ZFDATWDBAKWOKP-UHFFFAOYSA-N,4.75478982925415,0.0
Q6YMS4,VERWOWGGCGHDQE-UHFFFAOYSA-N,6.488812446594238,0.0
Q6YMS4,CDJNNOJINJAXPV-UHFFFAOYSA-N,6.443417549133301,0.0
Q6YMS4,HAWWPSYXSLJRBO-UHFFFAOYSA-N,4.687018394470215,0.0
Q6YMS4,JEYWNNAZDLFBFF-UHFFFAOYSA-N,4.361822128295898,0.0
Q6YMS4,WINXAKJYORVNHU-UHFFFAOYSA-N,4.466635227203369,0.0
Q6YMS4,WDZCUPBHRAEYDL-GZAUEHORSA-N,5.850371360778809,0.0
Q6YMS4,OBJKLVFDRLAGJI-UHFFFAOYSA-N,4.289087295532227,0.0
Q6YMS4,GSWINTXYUFHJGW-UHFFFAOYSA-N,4.582161903381348,0.0
Q6YMS4,NHTKGYOMICWFQZ-BBOXMAMFSA-N,4.738773822784424,0.0
Q6YMS4,MQIRDWDCKACDRZ-DUXPYHPUSA-N,4.944056987762451,0.0
Q6YMS4,MINDHVHHQZYEEK-HBBNESRFSA-N,5.6222734451293945,0.0
Q6YMS4,WDQPAMHFFCXSNU-UHFFFAOYSA-N,4.752074241638184,0.0
Q6YMS4,UAUIUKWPKRJZJV-QPLHLKROSA-N,5.522719383239746,0.0
Q6YMS4,MNLHFGXIUJNDAF-UHFFFAOYSA-N,5.712375640869141,0.0
Q6YMS4,OSJJYEUEJRVVOD-UHFFFAOYSA-N,5.407317161560059,0.0
Q6YMS4,XIUUSFJTJXFNGH-UHFFFAOYSA-N,6.179806709289551,0.0
Q6YMS4,PTQXTEKSNBVPQJ-UHFFFAOYSA-N,5.20579719543457,0.0
Q6YMS4,FCCNSUIJIOOXEZ-SJYYZXOBSA-N,5.650397300720215,0.0
Q6YMS4,SYOKIDBDQMKNDQ-XWTIBIIYSA-N,5.652573585510254,0.0
Q6YMS4,VFUXSYAXEKYYMB-UHFFFAOYSA-N,6.103367805480957,0.0
Q6YMS4,MKUXAQIIEYXACX-UHFFFAOYSA-N,4.493709564208984,0.0
Q6YMS4,ULSDMUVEXKOYBU-ZDUSSCGKSA-N,5.439977645874023,0.0
Q6YMS4,NOECSYBNZHIVHW-LKADTRSGSA-N,4.697395324707031,0.0
Q6YMS4,NKDFYOWSKOHCCO-YPVLXUMRSA-N,4.584982395172119,0.0
Q6YMS4,NNULBSISHYWZJU-LLKWHZGFSA-N,4.580780029296875,0.0
Q6YMS4,HGVNLRPZOWWDKD-UHFFFAOYSA-N,5.505606651306152,0.0
Q6YMS4,XOKJUSAYZUAMGJ-WOUKDFQISA-N,4.587632179260254,0.0
Q6YMS4,OCJYIGYOJCODJL-UHFFFAOYSA-N,5.459615707397461,0.0
Q6YMS4,GABVDWALKPAUEQ-UHFFFAOYSA-M,5.262691497802734,0.0
Q6YMS4,MJMVUQNNSOBCGF-UHFFFAOYSA-N,4.881614685058594,0.0
Q6YMS4,ZOCKGBMQLCSHFP-KQRAQHLDSA-N,5.138632774353027,0.0
Q6YMS4,DSDNAKHZNJAGHN-MXTYGGKSSA-N,5.138419151306152,0.0
Q6YMS4,JYRHGXXQSIPDDP-IACUBPJLSA-N,4.365857124328613,0.0
Q6YMS4,LWQQLNNNIPYSNX-UROSTWAQSA-N,5.217057228088379,0.0
Q6YMS4,QRXOZHSEEGNRFC-ZYHUDNBSSA-N,5.879316329956055,0.0
Q6YMS4,SPMVMDHWKHCIDT-UHFFFAOYSA-N,4.968542098999023,0.0
Q6YMS4,UCFGDBYHRUNTLO-QHCPKHFHSA-N,5.0716166496276855,0.0
Q6YMS4,CTMCWCONSULRHO-UHQPFXKFSA-N,6.137986183166504,0.0
Q6YMS4,UNJFKXSSGBWRBZ-BJCIPQKHSA-N,5.082805633544922,0.0
Q6YMS4,AHBKIEXBQNRDNL-FVCOMRFXSA-N,5.014013290405273,0.0
Q6YMS4,JTNIHNJCRCYZSU-IVZQSRNASA-N,5.280008316040039,0.0
Q6YMS4,SSLKKMZJCJBOML-UHFFFAOYSA-N,4.971541404724121,0.0
Q6YMS4,WINHZLLDWRZWRT-ATVHPVEESA-N,5.016373634338379,0.0
Q6YMS4,ANUCDXCTICZJRH-UHFFFAOYSA-N,5.518221855163574,0.0
Q6YMS4,RBTBFTRPCNLSDE-UHFFFAOYSA-N,5.356179714202881,0.0
Q6YMS4,ZXBCLVSLRUWISJ-UHFFFAOYSA-N,5.590832233428955,0.0
Q6YMS4,VDGXZSSDCDPCRF-UHFFFAOYSA-N,5.04950475692749,0.0
Q6YMS4,UXZFQZANDVDGMM-UHFFFAOYSA-N,4.802485942840576,0.0
Q6YMS4,XXSMGPRMXLTPCZ-UHFFFAOYSA-N,4.583169460296631,0.0
Q6YMS4,CGTADGCBEXYWNE-JUKNQOCSSA-N,4.3115386962890625,0.0
Q6YMS4,ZWBTYMGEBZUQTK-PVLSIAFMSA-N,5.410008430480957,0.0
Q6YMS4,KKZJGLLVHKMTCM-UHFFFAOYSA-N,5.657842636108398,0.0
Q6YMS4,GOCUUDXEOKIQRU-IXDOHACOSA-N,5.771397590637207,0.0
Q6YMS4,DKOQGJHPHLTOJR-WHRDSVKCSA-N,4.933010101318359,0.0
Q6YMS4,HJORMJIFDVBMOB-UHFFFAOYSA-N,5.661765098571777,0.0
Q6YMS4,VLPADTBFADIFKG-UHFFFAOYSA-N,4.479874134063721,0.0
Q6YMS4,PRXZOPNJRFEGRH-UHFFFAOYSA-N,4.494410514831543,0.0
Q6YMS4,OZSXWXGDJLBJQO-UHFFFAOYSA-N,4.934116363525391,0.0
Q6YMS4,KQOXLKOJHVFTRN-UHFFFAOYSA-N,4.602383613586426,0.0
Q6YMS4,IZZYUABKZYIINT-UHFFFAOYSA-N,5.210131645202637,0.0
Q6YMS4,OPQRBXUBWHDHPQ-UHFFFAOYSA-N,4.641602039337158,0.0
Q6YMS4,SWHNZGMQMGFQGW-MSOLQXFVSA-N,4.6269426345825195,0.0
Q6YMS4,LLVLMYRWABCVEU-UHFFFAOYSA-N,4.448980331420898,0.0
Q6YMS4,RCSLUNOLLUVOOG-NSHDSACASA-N,5.488781929016113,0.0
Q6YMS4,OVCDSSHSILBFBN-UHFFFAOYSA-N,5.146083831787109,0.0
Q6YMS4,LUPHOOKVGNVAFT-UHFFFAOYSA-N,5.152420997619629,0.0
Q6YMS4,UFICVEHDQUKCEA-UHFFFAOYSA-N,4.63815975189209,0.0
Q6YMS4,OBMJQRLIQQTJLR-USGQOSEYSA-N,5.0235466957092285,0.0
Q6YMS4,GXQCVUZORDAARJ-UHFFFAOYSA-N,4.896900653839111,0.0
Q6YMS4,PMTSPAGBAFCORP-HBUONDEYSA-N,4.762829780578613,0.0
Q6YMS4,CBGUOGMQLZIXBE-XGQKBEPLSA-N,5.028163433074951,0.0
Q6YMS4,IPVFGAYTKQKGBM-BYPJNBLXSA-N,4.913468360900879,0.0
Q6YMS4,KRTIYQIPSAGSBP-KLAILNCOSA-N,5.71973991394043,0.0
Q6YMS4,HOKDBMAJZXIPGC-INIZCTEOSA-N,5.71732234954834,0.0
Q6YMS4,SOROUYSPFADXSN-SUWVAFIASA-N,5.385079383850098,0.0
Q6YMS4,WRADPCFZZWXOTI-BMRADRMJSA-N,4.835959434509277,0.0
Q6YMS4,OJZYRQPMEIEQFC-UAWLTFRCSA-N,4.9489946365356445,0.0
Q6YMS4,DZMVCVMFETWNIU-LDYMZIIASA-N,4.475277900695801,0.0
Q6YMS4,RZLHGQLYNZQZQQ-UHFFFAOYSA-N,4.892698287963867,0.0
Q6YMS4,UJCYUJOQBXHJFH-ZBKNUEDVSA-N,4.626498222351074,0.0
Q6YMS4,UCPMSMNKGXUFCC-UHFFFAOYSA-N,5.588890552520752,0.0
Q6YMS4,HNIFCPBQMKPRCX-UHFFFAOYSA-N,6.502917289733887,0.0
Q6YMS4,VHRSUDSXCMQTMA-PJHHCJLFSA-N,4.7841596603393555,0.0
Q6YMS4,IHOVFYSQUDPMCN-XAKVHENESA-N,4.642159461975098,0.0
Q6YMS4,YCBAQKQAINQRFW-UGSOOPFHSA-N,4.175575256347656,0.0
Q6YMS4,PLIVFNIUGLLCEK-UHFFFAOYSA-N,4.574549674987793,0.0
Q6YMS4,NOQBAJLIGCZEQP-CREOWZIVSA-N,5.888980865478516,0.0
Q6YMS4,LECZXZOBEZITCL-UHFFFAOYSA-N,5.112137317657471,0.0
Q6YMS4,OVSKGTONMLKNPZ-UHFFFAOYSA-N,4.608698844909668,0.0
Q6YMS4,OGHNVEJMJSYVRP-UHFFFAOYSA-N,5.459745407104492,0.0
Q6YMS4,DFBIRQPKNDILPW-CIVMWXNOSA-N,4.497585296630859,0.0
Q6YMS4,SPFYMRJSYKOXGV-UHFFFAOYSA-N,7.0174665451049805,0.0
Q6YMS4,VHVPQPYKVGDNFY-UHFFFAOYSA-N,6.701875686645508,0.0
Q6YMS4,BGLPECHZZQDNCD-UHFFFAOYSA-N,5.191216468811035,0.0
Q6YMS4,DZSMTMGGLVZZLW-UHFFFAOYSA-N,4.4781494140625,0.0
Q6YMS4,VRDIULHPQTYCLN-UHFFFAOYSA-N,6.119161605834961,0.0
Q6YMS4,SWFXMFDHMPMWMA-UHFFFAOYSA-N,5.799832344055176,0.0
Q6YMS4,GISXTRIGVCKQBX-UHFFFAOYSA-N,5.179586887359619,0.0
Q6YMS4,JHBWYQRKOUBPCA-UHFFFAOYSA-N,4.267519474029541,0.0
Q6YMS4,SZFPYBIJACMNJV-UHFFFAOYSA-N,5.0182576179504395,0.0
Q6YMS4,WKDACQVEJIVHMZ-UHFFFAOYSA-N,4.931964874267578,0.0
Q6YMS4,GBVQWZXJDIIUCC-UHFFFAOYSA-N,4.781033039093018,0.0
Q6YMS4,XBEDAMVJWVPVDS-UHFFFAOYSA-N,4.908713340759277,0.0
Q6YMS4,BLSQLHNBWJLIBQ-OZXSUGGESA-N,4.861567497253418,0.0
Q6YMS4,MZGQIBQVSJDWHM-UHFFFAOYSA-N,5.012679100036621,0.0
Q6YMS4,IXXFZUPTQVDPPK-ZAWHAJPISA-N,6.094243049621582,0.0
Q6YMS4,JPLQUMVXDBHHSG-UHFFFAOYSA-N,5.5922393798828125,0.0
Q6YMS4,KLBQZWRITKRQQV-UHFFFAOYSA-N,5.56429386138916,0.0
Q6YMS4,SUPVGFZUWFMATN-UHFFFAOYSA-N,4.950255393981934,0.0
Q6YMS4,IPWKIXLWTCNBKN-UHFFFAOYSA-N,4.612685203552246,0.0
Q6YMS4,MPVGZUGXCQEXTM-UHFFFAOYSA-N,4.898420333862305,0.0
Q6YMS4,UWXSAYUXVSFDBQ-CYBMUJFWSA-N,5.667603015899658,0.0
Q6YMS4,OHIUQAZROSYCMC-UHFFFAOYSA-N,6.15119743347168,0.0
Q6YMS4,KVLFRAWTRWDEDF-IRXDYDNUSA-N,4.229458808898926,0.0
Q6YMS4,LYHNZWIPSZUYDT-UHFFFAOYSA-N,5.040631294250488,0.0
Q6YMS4,RIKZRSJVZWKHNX-UHFFFAOYSA-N,4.5977301597595215,0.0
Q6YMS4,OHUCIUMMEAYVKS-UHFFFAOYSA-N,6.518659591674805,0.0
Q6YMS4,UJEAABFSXKCSGI-UHFFFAOYSA-N,4.25950813293457,0.0
Q6YMS4,SULYVXZZUMRQAX-NSHDSACASA-N,4.9888811111450195,0.0
Q6YMS4,VCFBPAOSTLMYIV-SANMLTNESA-N,6.591341018676758,0.0
Q6YMS4,PWHROYKAGRUWDQ-UHFFFAOYSA-N,5.60980224609375,0.0
Q6YMS4,KPBNHDGDUADAGP-VAWYXSNFSA-N,4.650373458862305,0.0
Q6YMS4,IZAOBRWCUGOKNH-OAHLLOKOSA-N,4.8986711502075195,0.0
Q6YMS4,HFHZKZSRXITVMK-UHFFFAOYSA-N,4.981807708740234,0.0
Q6YMS4,ITAMRBIZWGDOHW-UHFFFAOYSA-N,5.8656721115112305,0.0
Q6YMS4,WJLQPSZXCOYTHS-UHFFFAOYSA-N,5.165114402770996,0.0
Q6YMS4,OCAXFDULERPAJM-UHFFFAOYSA-N,5.738076210021973,0.0
Q6YMS4,QBSGXIBYUQJHMJ-UHFFFAOYSA-N,4.645847320556641,0.0
Q6YMS4,IFSDAJWBUCMOAH-HNNXBMFYSA-N,5.481875419616699,0.0
Q6YMS4,VXMOONUMYLCFJD-DHLKQENFSA-N,4.464376449584961,0.0
Q6YMS4,ARJCBSRIPGJMAD-LLVKDONJSA-N,5.617955207824707,0.0
Q6YMS4,SBEOBYJLAQKTQX-UHFFFAOYSA-N,5.313141822814941,0.0
Q6YMS4,ZGXJTSGNIOSYLO-UHFFFAOYSA-N,5.503909111022949,0.0
Q6YMS4,BHQCQFFYRZLCQQ-OELDTZBJSA-N,4.821817398071289,0.0
Q6YMS4,QGFORSXNKQLDNO-UHFFFAOYSA-N,5.580849647521973,0.0
Q6YMS4,IWUCXVSUMQZMFG-RGDLXGNYSA-N,4.607571601867676,0.0
Q6YMS4,RZEXSKXQNAZHMZ-GXZIAACASA-N,5.120309829711914,0.0
Q6YMS4,QZPQTZZNNJUOLS-UHFFFAOYSA-N,5.2904863357543945,0.0
Q6YMS4,DTGZHCFJNDAHEN-OZEXIGSWSA-N,6.902925491333008,0.0
Q6YMS4,UIRKNQLZZXALBI-MSVGPLKSSA-N,4.904699325561523,0.0
Q6YMS4,CUQJLYFFQBHUGW-UHFFFAOYSA-O,5.001970291137695,0.0
Q6YMS4,ZGRDYKFVDCFJCZ-UHFFFAOYSA-N,5.572386264801025,0.0
Q6YMS4,XZNUJESLPUNSNO-UHFFFAOYSA-N,5.071960926055908,0.0
Q6YMS4,XXVLKDRPHSFIIB-UHFFFAOYSA-N,5.170621871948242,0.0
Q6YMS4,LRHPCRBOMKRVOA-UHFFFAOYSA-N,4.866111755371094,0.0
Q6YMS4,WEEGYLXZBRQIMU-UHFFFAOYSA-N,5.7823686599731445,0.0
Q6YMS4,DVNQWYLVSNPCJZ-UHFFFAOYSA-N,5.784303188323975,0.0
Q6YMS4,NNTYBKTXMKBRFA-CQSZACIVSA-N,5.012961387634277,0.0
Q6YMS4,WBKHQQZRHCECKK-UHFFFAOYSA-N,5.927894592285156,0.0
Q6YMS4,KLCCMMSKRMSMKI-QVNMXXJYSA-N,4.582162857055664,0.0
Q6YMS4,ORDHXXHTBUZRCN-NTEUORMPSA-N,5.324544429779053,0.0
Q6YMS4,VMZMNAABQBOLAK-DBILLSOUSA-N,7.101919174194336,0.0
Q6YMS4,RYBJORHCUPVNMB-UHFFFAOYSA-N,6.442352294921875,0.0
Q6YMS4,VAZAPHZUAVEOMC-UHFFFAOYSA-N,4.527509689331055,0.0
Q6YMS4,YZCUMZWULWOUMD-NDEPHWFRSA-N,7.071963310241699,0.0
Q6YMS4,BTZCSXIUAFVRTE-CHGLIHOBSA-N,5.172354698181152,0.0
Q6YMS4,XDBHURGONHZNJF-UHFFFAOYSA-N,4.688976287841797,0.0
Q6YMS4,BUGYDGFZZOZRHP-UHFFFAOYSA-N,4.758403778076172,0.0
Q6YMS4,XPIJWUTXQAGSLK-UHFFFAOYSA-N,4.4134321212768555,0.0
Q6YMS4,FGBGXESDYFKUFX-UHFFFAOYSA-N,6.656156539916992,0.0
Q6YMS4,UHTHHESEBZOYNR-UHFFFAOYSA-N,4.972334861755371,0.0
Q6YMS4,NFEZZTICAUWDHU-RDTXWAMCSA-N,5.9300994873046875,0.0
Q6YMS4,VMDWTZZCNDEKIO-CBNJBKGYSA-N,6.006776809692383,0.0
Q6YMS4,LDEKQSIMHVQZJK-CAQYMETFSA-N,5.325901031494141,0.0
Q6YMS4,CYXKNKQEMFBLER-UHFFFAOYSA-N,5.01162052154541,0.0
Q6YMS4,LKCWBDHBTVXHDL-RMDFUYIESA-N,4.4651336669921875,0.0
Q6YMS4,ACWZRVQXLIRSDF-UHFFFAOYSA-N,4.782390594482422,0.0
Q6YMS4,HSQAARMBHJCUOK-UHFFFAOYSA-N,5.024787902832031,0.0
Q6YMS4,GWVJLVHNKMLXRM-RPWUZVMVSA-N,5.921893119812012,0.0
Q6YMS4,XDUOTWNXVDBCDY-VOTSOKGWSA-N,4.859347820281982,0.0
Q6YMS4,HZCWPKGYTCJSEB-UHFFFAOYSA-N,4.72408390045166,0.0
Q6YMS4,JAHDAIPFBPPQHQ-GDLZYMKVSA-N,5.924552917480469,0.0
Q6YMS4,KQXDHUJYNAXLNZ-XQSDOZFQSA-N,4.903421401977539,0.0
Q6YMS4,RADMJHVVIZTENA-UHFFFAOYSA-N,4.6967668533325195,0.0
Q6YMS4,SJFBTAPEPRWNKH-CCKFTAQKSA-N,4.937026500701904,0.0
Q6YMS4,AKLMUGFDGONMAA-UHFFFAOYSA-N,6.548844337463379,0.0
Q6YMS4,ZFVRYNYOPQZKDG-UHFFFAOYSA-N,4.873351097106934,0.0
Q6YMS4,RILWUTQZRXWBOB-GIDUJCDVSA-N,5.073166847229004,0.0
Q6YMS4,RVAQIUULWULRNW-UHFFFAOYSA-N,4.303997039794922,0.0
Q6YMS4,UPALIKSFLSVKIS-UHFFFAOYSA-N,5.45588493347168,0.0
Q6YMS4,FASLTMSUPQDLIB-MHZLTWQESA-N,5.139910697937012,0.0
Q6YMS4,HRJWTAWVFDCTGO-UHFFFAOYSA-N,5.397239685058594,0.0
Q6YMS4,MCMSJVMUSBZUCN-UHFFFAOYSA-N,5.212930679321289,0.0
Q6YMS4,DKVNAGXPRSYHLB-UHFFFAOYSA-N,4.66761589050293,0.0
Q6YMS4,YMVWGSQGCWCDGW-UHFFFAOYSA-N,4.348879814147949,0.0
Q6YMS4,OEKXCVYZBVOWBR-BQYQJAHWSA-N,5.448629379272461,0.0
Q6YMS4,KAKPGJJRYRYSTP-UHFFFAOYSA-N,6.215611457824707,0.0
Q6YMS4,FBSKJMQYURKNSU-ZLSOWSIRSA-N,5.397040367126465,0.0
Q6YMS4,XPEXCFSBFPOSQR-UHFFFAOYSA-N,5.993372917175293,0.0
Q6YMS4,JYVIMETTWDHLFH-UHFFFAOYSA-N,4.944490432739258,0.0
Q6YMS4,LGFLRHWJJKLPCC-ZDUSSCGKSA-N,5.385562896728516,0.0
Q6YMS4,ACWBQPMHZXGDFX-QFIPXVFZSA-N,5.5281572341918945,0.0
Q6YMS4,YYLKOELWSMRYHV-VXLYETTFSA-N,5.305570125579834,0.0
Q6YMS4,FAYAUAZLLLJJGH-UHFFFAOYSA-N,5.744455337524414,0.0
Q6YMS4,FLSUCZWOEMTFAQ-JNCILSLHSA-N,4.33146858215332,0.0
Q6YMS4,ZRJBHWIHUMBLCN-YQEJDHNASA-N,5.172021865844727,0.0
Q6YMS4,VAOCPAMSLUNLGC-UHFFFAOYSA-N,4.611926078796387,0.0
Q6YMS4,MXAYKZJJDUDWDS-LBPRGKRZSA-N,5.134613513946533,0.0
Q6YMS4,DNTVJEMGHBIUMW-IBGZPJMESA-N,5.862736701965332,0.0
Q6YMS4,NGFFVZQXSRKHBM-FKBYEOEOSA-N,5.608724594116211,0.0
Q6YMS4,UREBDLICKHMUKA-CXSFZGCWSA-N,4.229666233062744,0.0
Q6YMS4,ODUBEYQKYAQFNS-UHFFFAOYSA-N,5.226260662078857,0.0
Q6YMS4,LGGDLPSXAGQFSG-UHFFFAOYSA-N,4.967214584350586,0.0
Q6YMS4,XRYJULCDUUATMC-CYBMUJFWSA-N,5.330075263977051,0.0
Q6YMS4,AMXGKMSRYLZAEO-UHFFFAOYSA-N,4.342897415161133,0.0
Q6YMS4,BSJMWHQBCZFXBR-UHFFFAOYSA-N,4.603856086730957,0.0
Q6YMS4,NDEXUOWTGYUVGA-LJQANCHMSA-N,5.2176079750061035,0.0
Q6YMS4,SRVFFFJZQVENJC-IHRRRGAJSA-N,4.565492630004883,0.0
Q6YMS4,POXUJOYUVLWPQN-UHFFFAOYSA-N,5.341365814208984,0.0
Q6YMS4,GPKJTRJOBQGKQK-UHFFFAOYSA-N,4.909267425537109,0.0
Q6YMS4,PHEDXBVPIONUQT-RGYGYFBISA-N,4.304679870605469,0.0
Q6YMS4,DBOUGBAQLIXZLV-UHFFFAOYSA-N,6.292851448059082,0.0
Q6YMS4,KYLOBHXXQOZRKK-YIONKMFJSA-N,5.284572601318359,0.0
Q6YMS4,LDYMIBZOCSHLBG-QGTPRVQTSA-N,5.775338172912598,0.0
Q6YMS4,CPTBDICYNRMXFX-UHFFFAOYSA-N,4.52632999420166,0.0
Q6YMS4,ZVZRDFTXNAZBOX-UWVGGRQHSA-N,4.612316608428955,0.0
Q6YMS4,DWDKHTXMLSZGDL-SSEXGKCCSA-N,4.668649673461914,0.0
Q6YMS4,UXAWFWFJXIANHZ-UHFFFAOYSA-N,4.698276996612549,0.0
Q6YMS4,APQPVVOYBLOJDY-UHFFFAOYSA-N,4.742678642272949,0.0
Q6YMS4,NFRPNQDSKJJQGV-UHFFFAOYSA-N,5.256514549255371,0.0
Q6YMS4,OCUQMWSIGPQEMX-UHFFFAOYSA-N,5.494767189025879,0.0
Q6YMS4,ACGUYXCXAPNIKK-UHFFFAOYSA-N,5.040850639343262,0.0
Q6YMS4,JTEGQNOMFQHVDC-NKWVEPMBSA-N,6.3826446533203125,0.0
Q6YMS4,QBKSWRVVCFFDOT-UHFFFAOYSA-N,6.747962951660156,0.0
Q6YMS4,NPGNOVNWUSPMDP-HLLBOEOZSA-N,4.8552117347717285,0.0
Q6YMS4,YTAOBBFIOAEMLL-REQDGWNSSA-N,4.796813488006592,0.0
Q6YMS4,MHJBZVSGOZTKRH-IZHYLOQSSA-N,5.212489128112793,0.0
Q6YMS4,KIVUHCNVDWYUNP-UHFFFAOYSA-N,4.663588047027588,0.0
Q6YMS4,IDYKCXHJJGMAEV-RRKCRQDMSA-N,4.856137275695801,0.0
Q6YMS4,FJHBVJOVLFPMQE-QFIPXVFZSA-N,4.997098922729492,0.0
Q6YMS4,ANEBWFXPVPTEET-UHFFFAOYSA-N,4.290902137756348,0.0
Q6YMS4,DKULOVKANLVDEA-UHFFFAOYSA-N,4.927235126495361,0.0
Q6YMS4,GUGOEEXESWIERI-UHFFFAOYSA-N,4.844549179077148,0.0
Q6YMS4,NMUSYJAQQFHJEW-KVTDHHQDSA-N,6.30625057220459,0.0
Q6YMS4,IFWMVQUGSGWCRP-UHFFFAOYSA-N,4.871318817138672,0.0
Q6YMS4,RYYNGWLOYLRZLK-RBUKOAKNSA-N,5.86865234375,0.0
Q6YMS4,IBEANEPZNLVRRY-RCZVLFRGSA-N,4.6645612716674805,0.0
Q6YMS4,XQCGNURMLWFQJR-ZNDDOCHDSA-N,4.418454170227051,0.0
Q6YMS4,JLPDBLFIVFSOCC-XYXFTTADSA-N,4.451991081237793,0.0
Q6YMS4,VNIWZCGZPBJWBI-UHFFFAOYSA-N,8.061777114868164,0.0
Q6YMS4,KRVMLPUDAOWOGN-UHFFFAOYSA-N,6.1660356521606445,0.0
Q6YMS4,WSEKTEUGRLFBSE-UHFFFAOYSA-N,6.354353904724121,0.0
Q6YMS4,RUXPNBWPIRDVTH-UHFFFAOYSA-N,4.062057971954346,0.0
Q6YMS4,HOGVTUZUJGHKPL-HTVVRFAVSA-N,6.871282577514648,0.0
Q6YMS4,MSCWLMXCFHMGMN-SHUXQVCQSA-N,5.177821159362793,0.0
Q6YMS4,YRYJJIXWWQLGGV-ZWKOTPCHSA-N,4.904045104980469,0.0
Q6YMS4,YYACLQUDUDXAPA-MRXNPFEDSA-N,5.221609115600586,0.0
Q6YMS4,OCAPBUJLXMYKEJ-UHFFFAOYSA-N,4.646970748901367,0.0
Q6YMS4,XEDWWPGWIXPVRQ-UHFFFAOYSA-N,5.042108535766602,0.0
Q6YMS4,PNUZDKCDAWUEGK-CYZMBNFOSA-N,5.388505935668945,0.0
Q6YMS4,MDFXJBQEWLCGHP-MFOYZWKCSA-N,4.198216438293457,0.0
Q6YMS4,DXDRHHKMWQZJHT-FPYGCLRLSA-N,4.3433990478515625,0.0
Q6YMS4,AGOYDEPGAOXOCK-KCBOHYOISA-N,4.569607734680176,0.0
Q6YMS4,CWHUFRVAEUJCEF-UHFFFAOYSA-N,6.519811630249023,0.0
Q6YMS4,VJXSSYDSOJBUAV-UHFFFAOYSA-N,5.249781608581543,0.0
Q6YMS4,HKDLNTKNLJPAIY-WKWWZUSTSA-N,4.613266468048096,0.0
Q6YMS4,VGYFMXBACGZSIL-MCBHFWOFSA-N,5.899320602416992,0.0
Q6YMS4,DYVIEGCPUPGXOH-HGGPGNIHSA-N,4.938050270080566,0.0
Q6YMS4,AKUJBENLRBOFTD-QZIXMDIESA-N,4.398587226867676,0.0
Q6YMS4,QYQDKDWGWDOFFU-IUODEOHRSA-N,5.036128044128418,0.0
Q6YMS4,JLGWAGKPIWGUEH-OUKQBFOZSA-N,5.300849914550781,0.0
Q6YMS4,GXDALQBWZGODGZ-UHFFFAOYSA-N,6.068326950073242,0.0
Q6YMS4,WTPSHLVHJOJDIF-UHFFFAOYSA-N,6.253448486328125,0.0
Q6YMS4,RPWFJAMTCNSJKK-UHFFFAOYSA-N,5.812361717224121,0.0
Q6YMS4,SZQLTQPHXXXMNC-UHFFFAOYSA-N,6.268302917480469,0.0
Q6YMS4,GKIRPKYJQBWNGO-QPLCGJKRSA-N,5.660277366638184,0.0
Q6YMS4,DLMNZGAILMQDHA-UHFFFAOYSA-N,4.991918563842773,0.0
Q6YMS4,KFHYZKCRXNRKRC-MRXNPFEDSA-N,4.909146308898926,0.0
Q6YMS4,MJIALGDLOLWBRQ-MRVPVSSYSA-N,4.882102012634277,0.0
Q6YMS4,PMBHAWNZPPNADR-HNNXBMFYSA-N,4.436000347137451,0.0
Q6YMS4,MWOPHYKKEDTKAZ-HKBQPEDESA-N,5.149803638458252,0.0
Q6YMS4,VYKKDKFTDMVOBU-UHFFFAOYSA-N,5.1575703620910645,0.0
Q6YMS4,XPSQPHWEGNHMSK-SECBINFHSA-N,5.4193220138549805,0.0
Q6YMS4,YPHMISFOHDHNIV-FSZOTQKASA-N,5.353451728820801,0.0
Q6YMS4,ISJRMOARTUIEPA-UHFFFAOYSA-N,5.190055847167969,0.0
Q6YMS4,OGSBUKJUDHAQEA-WMCAAGNKSA-N,4.627772331237793,0.0
Q6YMS4,JEGGQYICWGMXOZ-GMPMKFSHSA-N,4.6532745361328125,0.0
Q6YMS4,FFTVPQUHLQBXQZ-KVUCHLLUSA-N,5.058134078979492,0.0
Q6YMS4,AXTAPYRUEKNRBA-JTQLQIEISA-N,7.108771324157715,0.0
Q6YMS4,WUBBRNOQWQTFEX-UHFFFAOYSA-N,5.126749515533447,0.0
Q6YMS4,WWCIFIOLOMCRET-UHFFFAOYSA-N,5.655783653259277,0.0
Q6YMS4,FNHKPVJBJVTLMP-UHFFFAOYSA-N,4.559527397155762,0.0
Q6YMS4,CTPKSRZFJSJGML-UHFFFAOYSA-N,5.200125217437744,0.0
Q6YMS4,GQZQCROBCYNTMU-UHFFFAOYSA-N,4.613373756408691,0.0
Q6YMS4,XBPZXDSZHPDXQU-UHFFFAOYSA-N,4.848433971405029,0.0
Q6YMS4,NQPDXQQQCQDHHW-UHFFFAOYSA-N,5.972072601318359,0.0
Q6YMS4,ZBNZXTGUTAYRHI-UHFFFAOYSA-N,6.4415740966796875,0.0
Q6YMS4,WIPRQKODGRKUEW-UHFFFAOYSA-N,5.377025604248047,0.0
Q6YMS4,CGGCTVKVZKTIME-JVVVGQRLSA-N,5.063559055328369,0.0
Q6YMS4,ACCFLVVUVBJNGT-AWEZNQCLSA-N,4.488304138183594,0.0
Q6YMS4,ZKIAIYBUSXZPLP-UHFFFAOYSA-N,5.141917705535889,0.0
Q6YMS4,VXYZBLXGCYNIHP-UHFFFAOYSA-N,4.55301570892334,0.0
Q6YMS4,QHMWCHQXCUNUAK-UHFFFAOYSA-N,5.199453353881836,0.0
Q6YMS4,GUBJNPWVIUFSTR-UHFFFAOYSA-N,4.862138748168945,0.0
Q6YMS4,GNMUEVRJHCWKTO-FQEVSTJZSA-N,4.939440727233887,0.0
Q6YMS4,YEOTYALSMRNXLJ-UHFFFAOYSA-N,4.198478698730469,0.0
Q6YMS4,WGOJWDWKHJHXSV-UHFFFAOYSA-N,6.068899154663086,0.0
Q6YMS4,XCPPIJCBCWUBNT-UHFFFAOYSA-N,5.033110618591309,0.0
Q6YMS4,YJGVMLPVUAXIQN-HAEOHBJNSA-N,4.200161457061768,0.0
Q6YMS4,IYJMSDVSVHDVGT-PEQKVOOWSA-N,8.13608455657959,0.0
Q6YMS4,MJOGWNMYQLVUOU-UHFFFAOYSA-N,6.122525215148926,0.0
Q6YMS4,NYKPKXPWOWUPJV-UHFFFAOYSA-N,4.826194763183594,0.0
Q6YMS4,CUUCCLJJOWSASK-UHFFFAOYSA-N,4.630444526672363,0.0
Q6YMS4,DLGOEMSEDOSKAD-UHFFFAOYSA-N,4.927377700805664,0.0
Q6YMS4,WNJGLNJERJHPBY-XLPZGREQSA-P,5.5189361572265625,0.0
Q6YMS4,VMJKUCKTXMESQR-UHFFFAOYSA-N,4.354678153991699,0.0
Q6YMS4,GAOZTHIDHYLHMS-KEOBGNEYSA-N,4.780965805053711,0.0
Q6YMS4,VDJHFHXMUKFKET-WDUFCVPESA-N,4.578943729400635,0.0
Q6YMS4,BAFWBNHYBAXTSE-FCHUYYIVSA-N,4.814949989318848,0.0
Q6YMS4,BEUQXVWXFDOSAQ-UHFFFAOYSA-N,6.620361328125,0.0
Q6YMS4,MHKAEITVUICXRN-BPGQXAFDSA-N,4.893947124481201,0.0
Q6YMS4,LJIUXAHLYIPHOK-UHFFFAOYSA-N,4.968031406402588,0.0
Q6YMS4,AKJHMTWEGVYYSE-FXILSDISSA-N,4.270081043243408,0.0
Q6YMS4,PQHLRGARXNPFCF-UHFFFAOYSA-N,4.317050933837891,0.0
Q6YMS4,RWEVIPRMPFNTLO-UHFFFAOYSA-N,4.999432563781738,0.0
Q6YMS4,NXQGEDVQXVTCDA-UHFFFAOYSA-N,4.567895889282227,0.0
Q6YMS4,GVKXFVCXBFGBCD-QKDMMWSPSA-N,5.410623550415039,0.0
Q6YMS4,DUYJMQONPNNFPI-UHFFFAOYSA-N,6.801368713378906,0.0
Q6YMS4,QTNZYVAMNRDUAD-UHFFFAOYSA-N,4.761754989624023,0.0
Q6YMS4,IOMMMLWIABWRKL-WUTDNEBXSA-N,5.322304725646973,0.0
Q6YMS4,GUOQUXNJZHGPQF-UHFFFAOYSA-N,4.757566452026367,0.0
Q6YMS4,VRQMAABPASPXMW-HDICACEKSA-N,5.274201393127441,0.0
Q6YMS4,HWGQMRYQVZSGDQ-HZPDHXFCSA-N,6.7651824951171875,0.0
Q6YMS4,ZDRFDHHANOYUTE-IOSLPCCCSA-N,4.546821594238281,0.0
Q6YMS4,OGWKCGZFUXNPDA-XQKSVPLYSA-N,6.669683456420898,0.0
Q6YMS4,SRVJKTDHMYAMHA-WUXMJOGZSA-N,4.55332612991333,0.0
Q6YMS4,LLYYNOVSVPBRGV-MVNKZKPCSA-N,4.704458236694336,0.0
Q6YMS4,SGOIRFVFHAKUTI-ZCFIWIBFSA-N,5.896732330322266,0.0
Q6YMS4,QGZYDVAGYRLSKP-UHFFFAOYSA-N,5.132200717926025,0.0
Q6YMS4,ARFHIAQFJWUCFH-IZZDOVSWSA-N,5.079500198364258,0.0
Q6YMS4,GCIKSSRWRFVXBI-UHFFFAOYSA-N,5.477827072143555,0.0
Q6YMS4,QSTYMRMEJNQSJW-FQEVSTJZSA-N,6.408421516418457,0.0
Q6YMS4,PIDANAQULIKBQS-RNUIGHNZSA-N,4.526364326477051,0.0
Q6YMS4,BNVPFDRNGHMRJS-UHFFFAOYSA-N,5.628401756286621,0.0
Q6YMS4,XFILPEOLDIKJHX-QYZOEREBSA-N,4.769713401794434,0.0
Q6YMS4,BDXXSFOJPYSYOC-UHFFFAOYSA-N,5.481809616088867,0.0
Q6YMS4,PXBZKHOQHTVCSQ-QZTJIDSGSA-N,5.08095645904541,0.0
Q6YMS4,ZCTJIMXXSXQXRI-KYJUHHDHSA-N,4.339876174926758,0.0
Q6YMS4,DADASRPKWOGKCU-IHKPOXLFSA-N,7.375402450561523,0.0
Q6YMS4,LMBWSYZSUOEYSN-UHFFFAOYSA-N,5.563490867614746,0.0
Q6YMS4,FVZJIAUYFDQQKJ-DQEYMECFSA-N,4.4183349609375,0.0
Q6YMS4,LILGMDXLRPEBNH-HFZDXXHNSA-N,5.758600234985352,0.0
Q6YMS4,CFOOTBBXHJHHMT-UHFFFAOYSA-N,5.252591133117676,0.0
Q6YMS4,XEZLBMHDUXSICI-UHFFFAOYSA-N,5.3210978507995605,0.0
Q6YMS4,SJHLKUDCBZZUEE-DHIUTWEWSA-N,5.1831207275390625,0.0
Q6YMS4,CZCHIEJNWPNBDE-UHFFFAOYSA-N,4.469164848327637,0.0
Q6YMS4,AAFJXZWCNVJTMK-GUCUJZIJSA-N,5.323665618896484,0.0
Q6YMS4,HULMNSIAKWANQO-JQKSAQOKSA-N,5.373067855834961,0.0
Q6YMS4,ZJDCGVDEEHWEIG-UHFFFAOYSA-N,5.014681339263916,0.0
Q6YMS4,WPHKIQPVPYJNAX-UHFFFAOYSA-N,4.8342132568359375,0.0
Q6YMS4,WEEYMMXMBFJUAI-UHFFFAOYSA-N,4.668634414672852,0.0
Q6YMS4,YZPOQCQXOSEMAZ-UHFFFAOYSA-N,4.858980178833008,0.0
Q6YMS4,CMIJXZWOIKQHLL-PQQNNWGCSA-N,5.866022109985352,0.0
Q6YMS4,ROMLGDPRVIVYSV-UHFFFAOYSA-N,4.269350528717041,0.0
Q6YMS4,SGTNSNPWRIOYBX-MHZLTWQESA-N,5.868025779724121,0.0
Q6YMS4,QFGMXJOBTNZHEL-UHFFFAOYSA-N,4.830574035644531,0.0
Q6YMS4,SYYBDNPGDKKJDU-ZDUSSCGKSA-N,4.656864643096924,0.0
Q6YMS4,RDUHXGIIUDVSHR-UHFFFAOYSA-N,5.074643135070801,0.0
Q6YMS4,ALQXIMVNPRVWQA-CFVMTHIKSA-N,5.086166858673096,0.0
Q6YMS4,NOZIJMHMKORZBA-KJCUYJGMSA-N,4.639240264892578,0.0
Q6YMS4,HGEYJZMMUGWEOT-UHFFFAOYSA-N,5.439750671386719,0.0
Q6YMS4,DYDCPNMLZGFQTM-UHFFFAOYSA-N,5.457175254821777,0.0
Q6YMS4,QXRUCDDVUMKOPI-UHFFFAOYSA-N,5.224864959716797,0.0
Q6YMS4,FIMYFEGKMOCQKT-UHFFFAOYSA-N,4.2543487548828125,0.0
Q6YMS4,JWNUBAIGCVTLMJ-UHFFFAOYSA-N,5.583258628845215,0.0
Q6YMS4,HOKDBMAJZXIPGC-UHFFFAOYSA-N,5.730912685394287,0.0
Q6YMS4,VKSPIPWLHGKJQO-UHFFFAOYSA-N,5.033172130584717,0.0
Q6YMS4,VFOKSTCIRGDTBR-UHFFFAOYSA-N,5.855037689208984,0.0
Q6YMS4,OUKYUETWWIPKQR-UHFFFAOYSA-N,6.261133193969727,0.0
Q6YMS4,VWMJHAFYPMOMGF-ZCFIWIBFSA-N,6.464378356933594,0.0
Q6YMS4,LPMXVESGRSUGHW-HBYQJFLCSA-N,4.946963310241699,0.0
Q6YMS4,KPMDCTAAOGEIKO-UHFFFAOYSA-N,4.930853843688965,0.0
Q6YMS4,GWWLWDURRGNSRS-UHFFFAOYSA-N,4.911570072174072,0.0
Q6YMS4,HSGZLFWXBIVLBD-LBPRGKRZSA-N,5.75113582611084,0.0
Q6YMS4,XKFTZKGMDDZMJI-HSZRJFAPSA-N,4.553127288818359,0.0
Q6YMS4,QAGYKUNXZHXKMR-HKWSIXNMSA-N,5.810777187347412,0.0
Q6YMS4,LPFWVDIFUFFKJU-UHFFFAOYSA-N,5.356566905975342,0.0
Q6YMS4,MLDQJTXFUGDVEO-UHFFFAOYSA-N,4.492169380187988,0.0
Q6YMS4,VRQXRVAKPDCRCI-ZNMIVQPWSA-N,5.305299282073975,0.0
Q6YMS4,DZMVCVHATYROOS-ZBFGKEHZSA-N,6.509778022766113,0.0
Q6YMS4,HTQMVQVXFRQIKW-UHFFFAOYSA-N,4.419720649719238,0.0
Q6YMS4,MHXVDXXARZCVRK-WCWDXBQESA-N,5.108694553375244,0.0
Q6YMS4,BLMPQMFVWMYDKT-NZTKNTHTSA-N,4.337728500366211,0.0
Q6YMS4,NERXPXBELDBEPZ-RMKNXTFCSA-N,5.5826311111450195,0.0
Q6YMS4,NVSWJKWHLUTHLP-CPJSRVTESA-N,5.507232666015625,0.0
Q6YMS4,BBTFKAOFCSOZMB-UHFFFAOYSA-N,4.567320823669434,0.0
Q6YMS4,YDOIFHVUBCIUHF-UHFFFAOYSA-N,5.325881004333496,0.0
Q6YMS4,ZHAGGRWTJXROKV-HJOGWXRNSA-N,4.327823638916016,0.0
Q6YMS4,HMJIYCCIJYRONP-UHFFFAOYSA-N,4.8730363845825195,0.0
Q6YMS4,FONCZICQWCUXEB-RUZDIDTESA-N,4.863102912902832,0.0
Q6YMS4,AYOUDDAETNMCBW-GSHUGGBRSA-N,6.059374809265137,0.0
Q6YMS4,DBQMQBCSKXTCIJ-UHFFFAOYSA-N,5.177191734313965,0.0
Q6YMS4,PCHKPVIQAHNQLW-CQSZACIVSA-N,6.310547828674316,0.0
Q6YMS4,VHOGYURTWQBHIL-UHFFFAOYSA-N,5.065525054931641,0.0
Q6YMS4,VJYKVCURWJGLPG-IQZGDKDPSA-N,4.137181282043457,0.0
Q6YMS4,RANJJVIMTOIWIN-UHFFFAOYSA-N,5.32044792175293,0.0
Q6YMS4,YBHILYKTIRIUTE-UHFFFAOYSA-N,4.449774265289307,0.0
Q6YMS4,ZHOWHMXTJFZXRB-UHFFFAOYSA-N,5.207350730895996,0.0
Q6YMS4,PKZCOQYQGMAVLN-UHFFFAOYSA-N,5.079012870788574,0.0
Q6YMS4,BHXLLRXDAYEMPP-SBGRAJFYSA-N,4.954411506652832,0.0
Q6YMS4,BDSYKGHYMJNPAB-LICBFIPMSA-N,4.384126663208008,0.0
Q6YMS4,XRVJPLDTMUSSDE-UHFFFAOYSA-N,5.97127628326416,0.0
Q6YMS4,FJEJHJINOKKDCW-INIZCTEOSA-N,4.618872165679932,0.0
Q6YMS4,CTAHRHRYCPEDSR-UHFFFAOYSA-N,7.369295120239258,0.0
Q6YMS4,CEGSUKYESLWKJP-UHFFFAOYSA-N,5.5128068923950195,0.0
Q6YMS4,QHMBSVQNZZTUGM-ZWKOTPCHSA-N,7.785521507263184,0.0
Q6YMS4,SKYPQEVVXGJKIJ-NSHDSACASA-N,4.7263946533203125,0.0
Q6YMS4,XUOAKFNMJMYKBY-UHFFFAOYSA-N,5.262075424194336,0.0
Q6YMS4,RCJYGWGQCPDYSL-HZPDHXFCSA-N,5.034265518188477,0.0
Q6YMS4,XQVVPGYIWAGRNI-JOCHJYFZSA-N,6.040132522583008,0.0
Q6YMS4,RDQSNNMSDOHAPG-UHFFFAOYSA-N,6.401154518127441,0.0
Q6YMS4,XDLYKKIQACFMJG-UHFFFAOYSA-N,7.016931533813477,0.0
Q6YMS4,NUZMJDHDPVKFJN-TYDXHICZSA-N,4.679172515869141,0.0
Q6YMS4,QTBWCSQGBMPECM-UHFFFAOYSA-N,6.443754196166992,0.0
Q6YMS4,ZOBDWFRKFSPCRB-UNMCSNQZSA-N,5.060733795166016,0.0
Q6YMS4,KTEXNACQROZXEV-PVLRGYAZSA-N,5.270219802856445,0.0
Q6YMS4,ARAIBEBZBOPLMB-UFGQHTETSA-N,7.502496719360352,0.0
Q6YMS4,YBHNZQJIFKDDHM-UHFFFAOYSA-N,5.136687278747559,0.0
Q6YMS4,UTDAKQMBNSHJJB-CJLVFECKSA-N,5.233416557312012,0.0
Q6YMS4,ZBIAKUMOEKILTF-UHFFFAOYSA-N,5.134294509887695,0.0
Q6YMS4,XZNUGFQTQHRASN-XQENGBIVSA-N,4.555826663970947,0.0
Q6YMS4,WAEXFXRVDQXREF-UHFFFAOYSA-N,5.796029090881348,0.0
Q6YMS4,KGSXMPPBFPAXLY-UHFFFAOYSA-N,5.28089714050293,0.0
Q6YMS4,PFWVGKROPKKEDW-UHFFFAOYSA-N,7.0098371505737305,0.0
Q6YMS4,WPTTVJLTNAWYAO-KPOXMGGZSA-N,4.734074115753174,0.0
Q6YMS4,RUZYUOTYCVRMRZ-UHFFFAOYSA-N,4.54437255859375,0.0
Q6YMS4,JPTSIWRGXIZEOO-UHFFFAOYSA-N,4.91109561920166,0.0
Q6YMS4,NZHMAQSCHUSSSJ-UHFFFAOYSA-N,5.061399459838867,0.0
Q6YMS4,GWRSATNRNFYMDI-UHFFFAOYSA-N,5.595843315124512,0.0
Q6YMS4,XVAPNQFQPDAROQ-CAPSWCROSA-N,5.478715896606445,0.0
Q6YMS4,YSXKPIUOCJLQIE-UHFFFAOYSA-N,4.8194684982299805,0.0
Q6YMS4,RAGOYPUPXAKGKH-XAKZXMRKSA-N,5.962450981140137,0.0
Q6YMS4,UFPFGVNKHCLJJO-SSKFGXFMSA-N,6.202827453613281,0.0
Q6YMS4,VVBFISAUNSXQGZ-UHFFFAOYSA-N,6.0077924728393555,0.0
Q6YMS4,YOSHYTLCDANDAN-UHFFFAOYSA-N,5.532088279724121,0.0
Q6YMS4,WTSKMKRYHATLLL-UHFFFAOYSA-N,4.832950115203857,0.0
Q6YMS4,JFIWEPHGRUDAJN-DYUFWOLASA-N,4.824217796325684,0.0
Q6YMS4,PIMQWRZWLQKKBJ-SFHVURJKSA-N,7.284811973571777,0.0
Q6YMS4,RXWNCPJZOCPEPQ-NVWDDTSBSA-N,4.930485725402832,0.0
Q6YMS4,HOBAELRKJCKHQD-QNEBEIHSSA-N,4.470714569091797,0.0
Q6YMS4,QSPOQCXMGPDIHI-UHFFFAOYSA-N,4.840982437133789,0.0
Q6YMS4,OLNTVTPDXPETLC-XPWALMASSA-N,6.778278350830078,0.0
Q6YMS4,ALANRBCCCQEPFZ-UHFFFAOYSA-N,4.346682548522949,0.0
Q6YMS4,ZEUITGRIYCTCEM-KRWDZBQOSA-N,5.5636396408081055,0.0
Q6YMS4,WFTSRDISOMSAQC-ZNFOTRSXSA-N,7.656857490539551,0.0
Q6YMS4,ISSKMEQROMFEHL-UHFFFAOYSA-N,5.412702560424805,0.0
Q6YMS4,KTCJYACFOQWRDO-GOSISDBHSA-N,6.379024505615234,0.0
Q6YMS4,PWZXTLHDGIBNLG-UHFFFAOYSA-N,4.4238762855529785,0.0
Q6YMS4,ZUQBAQVRAURMCL-CVRLYYSRSA-N,5.747641563415527,0.0
Q6YMS4,HJXPKHCLLLRQDL-UHFFFAOYSA-N,5.3234052658081055,0.0
Q6YMS4,YHHUQUILBRTPTF-UHFFFAOYSA-N,4.944411754608154,0.0
Q6YMS4,QROONAIPJKQFMC-UHFFFAOYSA-N,5.022582054138184,0.0
Q6YMS4,AZSNMRSAGSSBNP-XPNPUAGNSA-N,6.34688663482666,0.0
Q6YMS4,UDSFVOAUHKGBEK-CNQKSJKFSA-N,4.888947486877441,0.0
Q6YMS4,YABJJWZLRMPFSI-UHFFFAOYSA-N,5.894248962402344,0.0
Q6YMS4,WLAVZAAODLTUSW-UHFFFAOYSA-N,4.925850868225098,0.0
Q6YMS4,ZCMFEWUYBFMLIN-UHFFFAOYSA-N,5.256393909454346,0.0
Q6YMS4,NHTKGYOMICWFQZ-KKQYNPQSSA-N,4.836798191070557,0.0
Q6YMS4,LOUPRKONTZGTKE-WZBLMQSHSA-N,4.60147762298584,0.0
Q6YMS4,RVJIQAYFTOPTKK-UHFFFAOYSA-N,6.957118034362793,0.0
Q6YMS4,KRMDCWKBEZIMAB-UHFFFAOYSA-N,4.775547504425049,0.0
Q6YMS4,ALCSGJCIESECFD-UHFFFAOYSA-N,6.076700210571289,0.0
Q6YMS4,HNTGDFCASLOZEZ-YDBSYXHISA-N,4.814035415649414,0.0
Q6YMS4,JLRIJKVMMZEKDF-UHFFFAOYSA-N,4.486401557922363,0.0
Q6YMS4,IZFHEQBZOYJLPK-UHFFFAOYSA-N,5.355767250061035,0.0
Q6YMS4,ILAYIAGXTHKHNT-UHFFFAOYSA-N,7.565517425537109,0.0
Q6YMS4,FUKHGCVTMAEHRG-NRFANRHFSA-N,4.661128997802734,0.0
Q6YMS4,XQYASZNUFDVMFH-CQSZACIVSA-N,5.302944183349609,0.0
Q6YMS4,OVBPIULPVIDEAO-LBPRGKRZSA-N,4.938126564025879,0.0
Q6YMS4,XUHMGFKQBWZWPO-UHFFFAOYSA-N,5.58782958984375,0.0
Q6YMS4,QYBGBLQCOOISAR-UHFFFAOYSA-N,5.136868000030518,0.0
Q6YMS4,ZDASUJMDVPTNTF-UHFFFAOYSA-N,5.082895278930664,0.0
Q6YMS4,HJYYPODYNSCCOU-ODRIEIDWSA-N,5.071211814880371,0.0
Q6YMS4,ZZWWXIBKLBMSCS-FQEVSTJZSA-N,6.3804473876953125,0.0
Q6YMS4,HGXLJRWXCXSEJO-GMSGAONNSA-N,4.55955696105957,0.0
Q6YMS4,MYEJFUXQJGHEQK-ALRJYLEOSA-N,5.278909206390381,0.0
Q6YMS4,ACWKGTGIJRCOOM-HHHXNRCGSA-N,6.1365203857421875,0.0
Q6YMS4,HIBWHHQXUSKNOV-UHFFFAOYSA-N,6.841935157775879,0.0
Q6YMS4,QULDDKSCVCJTPV-UHFFFAOYSA-N,5.499351501464844,0.0
Q6YMS4,GKJCVYLDJWTWQU-CXLRFSCWSA-N,4.927440643310547,0.0
Q6YMS4,XZEUAXYWNKYKPL-WDYNHAJCSA-N,4.697823524475098,0.0
Q6YMS4,QRXWMOHMRWLFEY-UHFFFAOYSA-N,5.77810001373291,0.0
Q6YMS4,ZRTQSJFIDWNVJW-WYMLVPIESA-N,5.519259452819824,0.0
Q6YMS4,WZHJKEUHNJHDLS-QTGUNEKASA-N,5.3752899169921875,0.0
Q6YMS4,HIANJWSAHKJQTH-UHFFFAOYSA-N,5.881359100341797,0.0
Q6YMS4,FDMUNKXWYMSZIR-NQWKWHCYSA-N,5.61524772644043,0.0
Q6YMS4,GBJVVSCPOBPEIT-UHFFFAOYSA-N,4.0447845458984375,0.0
Q6YMS4,QCDFBFJGMNKBDO-UHFFFAOYSA-N,5.664607048034668,0.0
Q6YMS4,PUOAETJYKQITMO-LANLRWRYSA-N,5.396326065063477,0.0
Q6YMS4,VCCBCXVFGHTDQN-UODBTFMRSA-N,6.010199546813965,0.0
Q6YMS4,OQBORDVFGPUGDV-UHFFFAOYSA-N,4.970013618469238,0.0
Q6YMS4,WLGIWVFFGMPRLM-SLHNCBLASA-N,5.112045764923096,0.0
Q6YMS4,RVFGKBWWUQOIOU-NDEPHWFRSA-N,5.7989726066589355,0.0
Q6YMS4,ZHFIAFNZGWCLHU-YPMHNXCESA-N,5.28061056137085,0.0
Q6YMS4,XEAOPVUAMONVLA-QGZVFWFLSA-N,7.14700984954834,0.0
Q6YMS4,JUSFANSTBFGBAF-IRXDYDNUSA-N,4.906557559967041,0.0
Q6YMS4,QJFSABGVXDWMIW-UHFFFAOYSA-N,5.285196304321289,0.0
Q6YMS4,ZBJBRUSGEJORQL-UHFFFAOYSA-N,4.790474891662598,0.0
Q6YMS4,MAUCONCHVWBMHK-UHFFFAOYSA-N,5.735803604125977,0.0
Q6YMS4,WDVSHHCDHLJJJR-UHFFFAOYSA-N,5.0648393630981445,0.0
Q6YMS4,BATCTBJIJJEPHM-UHFFFAOYSA-N,5.219387054443359,0.0
Q6YMS4,UEMLYRZWLVXWRU-UHFFFAOYSA-N,5.487414360046387,0.0
Q6YMS4,GMJWAIMJHBTYPD-UHFFFAOYSA-N,5.585655212402344,0.0
Q6YMS4,HDOVUKNUBWVHOX-QMMMGPOBSA-N,5.3985114097595215,0.0
Q6YMS4,URWAJWIAIPFPJE-YFMIWBNJSA-N,5.174720764160156,0.0
Q6YMS4,UIAGMCDKSXEBJQ-UHFFFAOYSA-N,4.648921966552734,0.0
Q6YMS4,UIEATEWHFDRYRU-UHFFFAOYSA-N,4.893711090087891,0.0
Q6YMS4,QUHARGDBJJUOEB-UHFFFAOYSA-N,5.845728397369385,0.0
Q6YMS4,MJIHNNLFOKEZEW-UHFFFAOYSA-N,6.649454116821289,0.0
Q6YMS4,KXMAIWXPZGQNCR-QGZVFWFLSA-N,5.233859062194824,0.0
Q6YMS4,PTOAARAWEBMLNO-KVQBGUIXSA-N,5.028801918029785,0.0
Q6YMS4,JXJPYHDHJZJWRI-UHFFFAOYSA-N,5.51254940032959,0.0
Q6YMS4,QWLNINWUBHHOLU-UHFFFAOYSA-N,7.654928207397461,0.0
Q6YMS4,SCAGLYMBBLMFND-UHFFFAOYSA-N,6.831015586853027,0.0
Q6YMS4,KVHRYLNQDWXAGI-UHFFFAOYSA-N,4.915796279907227,0.0
Q6YMS4,AQASRZOCERRGBL-ROJLCIKYSA-N,5.941435813903809,0.0
Q6YMS4,ORVNHOYNEHYKJG-UHFFFAOYSA-N,4.705314636230469,0.0
Q6YMS4,IQIBKLWBVJPOQO-UHFFFAOYSA-N,4.711798191070557,0.0
Q6YMS4,XESARGFCSKSFID-FLLFQEBCSA-N,4.644730567932129,0.0
Q6YMS4,RJIWZDNTCBHXAL-UHFFFAOYSA-N,5.00653076171875,0.0
Q6YMS4,NCUCGYYHUFIYNU-UHFFFAOYSA-N,4.416845321655273,0.0
Q6YMS4,VFCRSIORGUNNGT-UHFFFAOYSA-N,4.374575614929199,0.0
Q6YMS4,AUVVAXYIELKVAI-CKBKHPSWSA-N,7.266958236694336,0.0
Q6YMS4,VRHOBXXCNBZJRX-IBGZPJMESA-N,4.970175743103027,0.0
Q6YMS4,CVASBKDYSQKLSO-UHFFFAOYSA-N,5.518593788146973,0.0
Q6YMS4,CVBWTNHDKVVFMI-LBPRGKRZSA-N,4.356204032897949,0.0
Q6YMS4,KTEIFNKAUNYNJU-GFCCVEGCSA-N,5.911996841430664,0.0
Q6YMS4,HAYYBYPASCDWEQ-UHFFFAOYSA-N,7.446617126464844,0.0
Q6YMS4,RUEYEZADQJCKGV-UHFFFAOYSA-N,4.137485504150391,0.0
Q6YMS4,LACIBZRFAYFTOV-UHFFFAOYSA-N,6.886683464050293,0.0
Q6YMS4,LOLPPWBBNUVNQZ-UHFFFAOYSA-N,5.2600908279418945,0.0
Q6YMS4,CBQJSKKFNMDLON-UHFFFAOYSA-N,5.744022369384766,0.0
Q6YMS4,ODJLBQGVINUMMR-HZXDTFASSA-N,5.522360324859619,0.0
Q6YMS4,RYBOXBBYCVOYNO-UHFFFAOYSA-N,6.578378677368164,0.0
Q6YMS4,JTZZSQYMACOLNN-VDWJNHBNSA-N,8.259238243103027,0.0
Q6YMS4,NOMSFNRBXCWAIE-UHFFFAOYSA-N,7.08333683013916,0.0
Q6YMS4,RGCVKNLCSQQDEP-UHFFFAOYSA-N,5.438014984130859,0.0
Q6YMS4,WIKYUJGCLQQFNW-UHFFFAOYSA-N,5.394847393035889,0.0
Q6YMS4,IKKXOSBHLYMWAE-QRPMWFLTSA-N,5.401860237121582,0.0
Q6YMS4,AMEWZCMTSIONOX-UHFFFAOYSA-N,6.151649475097656,0.0
Q6YMS4,BQSJTQLCZDPROO-UHFFFAOYSA-N,4.289085388183594,0.0
Q6YMS4,XPRDUGXOWVXZLL-UHFFFAOYSA-N,4.829739570617676,0.0
Q6YMS4,GYCPCOJTCINIFZ-UHFFFAOYSA-N,5.779667377471924,0.0
Q6YMS4,GBOQUHPYCRYKGV-UHFFFAOYSA-N,6.383583068847656,0.0
Q6YMS4,JIVPVXMEBJLZRO-UHFFFAOYSA-N,5.057636260986328,0.0
Q6YMS4,ZCGNOVWYSGBHAU-UHFFFAOYSA-N,5.296928405761719,0.0
Q6YMS4,GYNNRVJJLAVVTQ-UHFFFAOYSA-N,5.108040809631348,0.0
Q6YMS4,MWULMTACIBZPGN-UHFFFAOYSA-N,5.389367580413818,0.0
Q6YMS4,MTUYOFGUEXWKLC-UHFFFAOYSA-N,5.635748386383057,0.0
Q6YMS4,JXLYSJRDGCGARV-XQKSVPLYSA-N,6.293490409851074,0.0
Q6YMS4,JOGKUKXHTYWRGZ-UHFFFAOYSA-N,5.886745452880859,0.0
Q6YMS4,NGGMYCMLYOUNGM-CSDLUJIJSA-N,5.361208915710449,0.0
Q6YMS4,IBTISPLPBBHVSU-UVOOVGFISA-N,4.905671119689941,0.0
Q6YMS4,GPTURHKXTUDRPC-UHFFFAOYSA-N,4.798490047454834,0.0
Q6YMS4,ZDXUKAKRHYTAKV-UHFFFAOYSA-N,4.848752021789551,0.0
Q6YMS4,RWZVMMQNDHPRQD-SFTDATJTSA-N,7.048548698425293,0.0
Q6YMS4,LIRYPHYGHXZJBZ-UHFFFAOYSA-N,6.608402252197266,0.0
Q6YMS4,AILRADAXUVEEIR-UHFFFAOYSA-N,4.919289588928223,0.0
Q6YMS4,ZESFDAKNYJQYKO-UHFFFAOYSA-N,4.152738571166992,0.0
Q6YMS4,PHJVBZVDUNTGNR-HSZRJFAPSA-N,5.282458782196045,0.0
Q6YMS4,QRPSQQUYPMFERG-LFYBBSHMSA-N,5.567557334899902,0.0
Q6YMS4,VVRREURVTJNTQQ-UHFFFAOYSA-N,5.44679069519043,0.0
Q6YMS4,RVTSXVZXEGFIPW-UHFFFAOYSA-N,4.448529243469238,0.0
Q6YMS4,NZHGWWWHIYHZNX-CSKARUKUSA-N,5.939574241638184,0.0
Q6YMS4,FJLRGFADCXTJNV-CAWMZFRYSA-N,4.84713888168335,0.0
Q6YMS4,VJKZUTFFMNSTTD-UHFFFAOYSA-N,5.253914833068848,0.0
Q6YMS4,SXNJFOWDRLKDSF-XKHVUIRMSA-N,5.175567150115967,0.0
Q6YMS4,JKDLOGLNPDVUCX-UHFFFAOYSA-N,5.740583419799805,0.0
Q6YMS4,YJGVMLPVUAXIQN-XVVDYKMHSA-N,4.167512893676758,0.0
Q6YMS4,PWHNTOQANLCTHN-KRWDZBQOSA-N,5.397939682006836,0.0
Q6YMS4,OJPLJFIFUQPSJR-INIZCTEOSA-N,4.704095840454102,0.0
Q6YMS4,HUNGUWOZPQBXGX-UHFFFAOYSA-N,5.642477989196777,0.0
Q6YMS4,UAWXGRJVZSAUSZ-UHFFFAOYSA-N,4.90678596496582,0.0
Q6YMS4,UBPYILGKFZZVDX-UHFFFAOYSA-N,7.3442230224609375,0.0
Q6YMS4,QAWBIEIZDDIEMW-FPYGCLRLSA-N,4.766519546508789,0.0
Q6YMS4,PVTHJAPFENJVNC-UQTMRZPGSA-N,6.213753700256348,0.0
Q6YMS4,KEIPNCCJPRMIAX-HNNXBMFYSA-N,4.374077320098877,0.0
Q6YMS4,AQWKVJFRGORALM-UHFFFAOYSA-N,4.764436721801758,0.0
Q6YMS4,VSJKWCGYPAHWDS-FQEVSTJZSA-N,4.944375991821289,0.0
Q6YMS4,GNNDEPIMDAZHRQ-UHFFFAOYSA-N,5.976894378662109,0.0
Q6YMS4,MEKASOQEXYKAKM-UHFFFAOYSA-N,5.256768226623535,0.0
Q6YMS4,FVYRUSCZCWSFLT-UHFFFAOYSA-N,5.282487392425537,0.0
Q6YMS4,HJLSLZFTEKNLFI-UHFFFAOYSA-N,5.545047760009766,0.0
Q6YMS4,FBQPGGIHOFZRGH-UHFFFAOYSA-N,5.229424476623535,0.0
Q6YMS4,LKRDZKPBAOKJBT-CNPIRKNPSA-N,5.034806251525879,0.0
Q6YMS4,POPOYOKQQAEISW-UHFFFAOYSA-N,4.971195697784424,0.0
Q6YMS4,QDUIJCOKQCCXQY-WHJQOFBOSA-N,5.190536022186279,0.0
Q6YMS4,ZIMMTPFXOMAJTQ-UHFFFAOYSA-N,4.983063220977783,0.0
Q6YMS4,KXDIHAQCVNNLIB-UHFFFAOYSA-N,9.331494331359863,0.0
Q6YMS4,FEFIBEHSXLKJGI-UHFFFAOYSA-N,6.376441955566406,0.0
Q6YMS4,IUJQOUHDFKALCY-UHFFFAOYSA-N,4.763449668884277,0.0
Q6YMS4,QGPKADBNRMWEQR-UHFFFAOYSA-N,4.644696235656738,0.0
Q6YMS4,YEWQCWVEXRSMSB-UHFFFAOYSA-M,5.340934753417969,0.0
Q6YMS4,MBQKTLYFUYNAPZ-FEZMQHRXSA-N,5.993770599365234,0.0
Q6YMS4,IVUGFMLRJOCGAS-UHFFFAOYSA-N,4.826086044311523,0.0
Q6YMS4,MCIACXAZCBVDEE-CUUWFGFTSA-N,5.720710754394531,0.0
Q6YMS4,FDMQDKQUTRLUBU-UHFFFAOYSA-N,5.190890312194824,0.0
Q6YMS4,RPVGLMKJGQMQSN-UHFFFAOYSA-N,5.10429573059082,0.0
Q6YMS4,UOWGYMNWMDNSTL-ONEGZZNKSA-N,5.846137046813965,0.0
Q6YMS4,LPLVUJXQOOQHMX-QWBHMCJMSA-N,4.769742965698242,0.0
Q6YMS4,RHMXXJGYXNZAPX-UHFFFAOYSA-N,4.077420711517334,0.0
Q6YMS4,ZWUFGBNOUKQGBR-UHFFFAOYSA-N,5.424892425537109,0.0
Q6YMS4,ZVYVPGLRVWUPMP-FYSMJZIKSA-N,4.986189842224121,0.0
Q6YMS4,XMYKNCNAZKMVQN-NYYWCZLTSA-N,5.486832618713379,0.0
Q6YMS4,MPMKMQHJHDHPBE-RUZDIDTESA-N,6.898163795471191,0.0
Q6YMS4,ZSWMIFNWDQEXDT-ZESJGQACSA-N,5.780189037322998,0.0
Q6YMS4,JAZBEHYOTPTENJ-JLNKQSITSA-N,4.26528263092041,0.0
Q6YMS4,WDEKUGNKKOGFOA-UHFFFAOYSA-N,5.745115756988525,0.0
Q6YMS4,BWDQBBCUWLSASG-MDZDMXLPSA-N,5.5652079582214355,0.0
Q6YMS4,RTHCYVBBDHJXIQ-UHFFFAOYSA-N,5.235686779022217,0.0
Q6YMS4,MMURVNDSFNJHAM-OWOJBTEDSA-N,4.77889347076416,0.0
Q6YMS4,ALRZZABRVIYCNY-BETUJISGSA-N,6.025389671325684,0.0
Q6YMS4,QEZYDSSGVBTNBH-UHFFFAOYSA-N,4.566033363342285,0.0
Q6YMS4,SWZXEVABPLUDIO-WSZYKNRRSA-N,5.745524883270264,0.0
Q6YMS4,NPWTVYBPSXCRPM-UHFFFAOYSA-N,5.404970645904541,0.0
Q6YMS4,DNVVZWSVACQWJE-UHFFFAOYSA-N,4.6432294845581055,0.0
Q6YMS4,YFGQJKBUXPKSAW-YSTAXILLSA-N,6.924664497375488,0.0
Q6YMS4,YVPXVXANRNDGTA-WDYNHAJCSA-N,5.368936538696289,0.0
Q6YMS4,GSDSWSVVBLHKDQ-UHFFFAOYSA-N,4.625537395477295,0.0
Q6YMS4,UTNUDOFZCWSZMS-YFHOEESVSA-N,5.299947738647461,0.0
Q6YMS4,HPHBOJANXDKUQD-UHFFFAOYSA-N,6.84365177154541,0.0
Q6YMS4,SCVHJVCATBPIHN-SJCJKPOMSA-N,4.938651084899902,0.0
Q6YMS4,XDBMBHVYXPBOPL-UHFFFAOYSA-N,5.248876571655273,0.0
Q6YMS4,MQTOSJVFKKJCRP-BICOPXKESA-N,4.819571495056152,0.0
Q6YMS4,KQZVSTAVTJCKDG-DRSBITMPSA-N,5.821966171264648,0.0
Q6YMS4,FJLRGFADCXTJNV-IIBYNOLFSA-N,4.712076663970947,0.0
Q6YMS4,XDSXYMOZKDUASY-INIZCTEOSA-N,5.488455772399902,0.0
Q6YMS4,CUCSSYAUKKIDJV-FAXBSAIASA-N,5.059340953826904,0.0
Q6YMS4,PFTAWBLQPZVEMU-DZGCQCFKSA-N,5.468250274658203,0.0
Q6YMS4,SCKXBVLYWLLALY-CZCYGEDCSA-N,4.642152309417725,0.0
Q6YMS4,FNSHYEAUAUHIMB-UHFFFAOYSA-N,5.482667922973633,0.0
Q6YMS4,BOIPLTNGIAPDBY-UHFFFAOYSA-N,5.619659423828125,0.0
Q6YMS4,HCCFUFNFJIUPHS-UMIMETMPSA-N,5.3312177658081055,0.0
Q6YMS4,HFNKQEVNSGCOJV-OAHLLOKOSA-N,5.327031135559082,0.0
Q6YMS4,MNDBXUUTURYVHR-UHFFFAOYSA-N,5.376688003540039,0.0
Q6YMS4,UPQJYTNALAIZCC-UHFFFAOYSA-N,6.633593559265137,0.0
Q6YMS4,SYZWOOODCAMXPL-SFHVURJKSA-N,4.572670936584473,0.0
Q6YMS4,BKJIXTWSNXCKJH-UHFFFAOYSA-N,5.015014171600342,0.0
Q6YMS4,ZJAOAACCNHFJAH-UHFFFAOYSA-N,5.404950141906738,0.0
Q6YMS4,FABUFPQFXZVHFB-PVYNADRNSA-N,4.442811965942383,0.0
Q6YMS4,LZNWYQJJBLGYLT-UHFFFAOYSA-N,4.851248741149902,0.0
Q6YMS4,GPSZYOIFQZPWEJ-UHFFFAOYSA-N,5.054344654083252,0.0
Q6YMS4,IXSVOCGZBUJEPI-HTQYORAHSA-N,4.786818027496338,0.0
Q6YMS4,AFJRDFWMXUECEW-LBPRGKRZSA-N,6.201910018920898,0.0
Q6YMS4,XAKLYHGHEFMDAP-IAXKEJLGSA-N,4.5941267013549805,0.0
Q6YMS4,UHRBTBZOWWGKMK-DOMZBBRYSA-N,6.2060441970825195,0.0
Q6YMS4,FIADGNVRKBPQEU-UHFFFAOYSA-N,5.703487396240234,0.0
Q6YMS4,LUUMLYXKTPBTQR-UHFFFAOYSA-N,5.180788040161133,0.0
Q6YMS4,UNRCMCRRFYFGFX-TYPNBTCFSA-N,4.343927383422852,0.0
Q6YMS4,FOIVPCKZDPCJJY-JQIJEIRASA-N,5.817618370056152,0.0
Q6YMS4,REOZWEGFPHTFEI-JKSUJKDBSA-N,7.085202217102051,0.0
Q6YMS4,QMLVECGLEOSESV-RYUDHWBXSA-N,4.738137245178223,0.0
Q6YMS4,MFZWMTSUNYWVBU-UHFFFAOYSA-N,5.6072587966918945,0.0
Q6YMS4,BKWJAKQVGHWELA-UHFFFAOYSA-N,5.018134117126465,0.0
Q6YMS4,KUNDLEJVAIBADY-UHFFFAOYSA-N,4.505575180053711,0.0
Q6YMS4,ISJSHQTWOHGCMM-UHFFFAOYSA-N,4.89296817779541,0.0
Q6YMS4,VFCRKLWBYMDAED-REWPJTCUSA-N,6.207121849060059,0.0
Q6YMS4,RFWVETIZUQEJEF-UHFFFAOYSA-N,4.166661739349365,0.0
Q6YMS4,DHMTURDWPRKSOA-RUZDIDTESA-N,5.530359745025635,0.0
Q6YMS4,MITFXPHMIHQXPI-UHFFFAOYSA-N,5.133731842041016,0.0
Q6YMS4,REOJLIXKJWXUGB-UHFFFAOYSA-N,4.21871280670166,0.0
Q6YMS4,RDXLYGJSWZYTFJ-UHFFFAOYSA-N,6.1657209396362305,0.0
Q6YMS4,NCKMMSIFQUPKCK-UHFFFAOYSA-N,4.846734046936035,0.0
Q6YMS4,NOYPYLRCIDNJJB-UHFFFAOYSA-N,4.910117149353027,0.0
Q6YMS4,CTNQAPPDQTYTHM-UHFFFAOYSA-N,4.627384185791016,0.0
Q6YMS4,MQQNFDZXWVTQEH-UHFFFAOYSA-N,4.5332136154174805,0.0
Q6YMS4,URLYINUFLXOMHP-HTVVRFAVSA-N,7.122036933898926,0.0
Q6YMS4,BPFYOAJNDMUVBL-UHFFFAOYSA-N,6.962767601013184,0.0
Q6YMS4,KSGCNXAZROJSNW-UHFFFAOYSA-N,5.304510116577148,0.0
Q6YMS4,HXEHCCYOTHDPPI-NBHSMZAVSA-N,4.8025007247924805,0.0
Q6YMS4,BLPUOQGPBJPXRL-FNORWQNLSA-N,4.830276012420654,0.0
Q6YMS4,FJRZOOICEHBAED-UHFFFAOYSA-N,4.908628463745117,0.0
Q6YMS4,WBLXZPHICYCDGN-UHFFFAOYSA-N,6.096566200256348,0.0
Q6YMS4,KJAAEKQTENJMDT-SFECMWDFSA-N,6.930761337280273,0.0
Q6YMS4,ZSDCIRYNTCVTMF-GIGWZHCTSA-N,5.411174297332764,0.0
Q6YMS4,MYNQXTDIPMCJCR-HUYCHCPVSA-N,5.077838897705078,0.0
Q6YMS4,QJGVXJYGDBSPSJ-UHFFFAOYSA-N,4.9613447189331055,0.0
Q6YMS4,MLDQJTXFUGDVEO-FIBGUPNXSA-N,4.781494140625,0.0
Q6YMS4,RUJBDQSFYCKFAA-OAHLLOKOSA-N,6.093646049499512,0.0
Q6YMS4,BWBONKHPVHMQHE-UHFFFAOYSA-N,4.447724342346191,0.0
Q6YMS4,GKIRPKYJQBWNGO-UHFFFAOYSA-N,5.432023525238037,0.0
Q6YMS4,DPSPPJIUMHPXMA-UHFFFAOYSA-N,5.275529861450195,0.0
Q6YMS4,DFPAKSUCGFBDDF-UHFFFAOYSA-N,5.962079048156738,0.0
Q6YMS4,WQXNXVUDBPYKBA-YFKPBYRVSA-N,6.052865028381348,0.0
Q6YMS4,WOVTUUKKGNHVFZ-UHFFFAOYSA-N,5.287234783172607,0.0
Q6YMS4,SVJMLYUFVDMUHP-UHFFFAOYSA-N,4.572373867034912,0.0
Q6YMS4,ANOGOQXCGBMIJV-UHFFFAOYSA-N,5.1401777267456055,0.0
Q6YMS4,JCZYXTVBWHAWLL-UHFFFAOYSA-N,5.931032180786133,0.0
Q6YMS4,QXRSDHAAWVKZLJ-PVYNADRNSA-N,4.399689197540283,0.0
Q6YMS4,ZTFBIUXIQYRUNT-MDWZMJQESA-N,4.35501766204834,0.0
Q6YMS4,UGJWRPJDTDGERK-UHFFFAOYSA-N,5.016872406005859,0.0
Q6YMS4,LHIALLMPKJMSIQ-NSCUHMNNSA-N,4.874418258666992,0.0
Q6YMS4,DZOJBGLFWINFBF-UMSFTDKQSA-N,4.734058380126953,0.0
Q6YMS4,CZWCKYRVOZZJNM-USOAJAOKSA-N,4.356322288513184,0.0
Q6YMS4,KAZMQKPLIPWQNO-UHFFFAOYSA-N,4.6480865478515625,0.0
Q6YMS4,QIPQASLPWJVQMH-DTORHVGOSA-N,4.242928504943848,0.0
Q6YMS4,NKANXQFJJICGDU-QPLCGJKRSA-N,5.199865341186523,0.0
Q6YMS4,LUKBXSAWLPMMSZ-OWOJBTEDSA-N,4.928993225097656,0.0
Q6YMS4,RKEWSXXUOLRFBX-UHFFFAOYSA-N,6.88926887512207,0.0
Q6YMS4,XVDXNSRMHBAVAX-UHFFFAOYSA-N,4.824445724487305,0.0
Q6YMS4,WFNAKBGANONZEQ-UHFFFAOYSA-N,4.70390510559082,0.0
Q6YMS4,UDYUIWXQUBNDHC-UHFFFAOYSA-N,5.032747268676758,0.0
Q6YMS4,YTRRAUACYORZLX-UHFFFAOYSA-N,5.759712219238281,0.0
Q6YMS4,PZDPVSFZTKORSP-OAHLLOKOSA-N,4.496027946472168,0.0
Q6YMS4,ZACWYYKZMLGOTG-UHFFFAOYSA-N,5.938009262084961,0.0
Q6YMS4,UVNHKOOJXSALHN-KYNHBKCMSA-N,5.525467872619629,0.0
Q6YMS4,GDLIGKIOYRNHDA-UHFFFAOYSA-N,4.850289344787598,0.0
Q6YMS4,WXUUCRLKXQMWRY-UHFFFAOYSA-N,5.069421291351318,0.0
Q6YMS4,HPNSFSBZBAHARI-RUDMXATFSA-N,6.053691864013672,0.0
Q6YMS4,IAKHMKGGTNLKSZ-INIZCTEOSA-N,5.833089828491211,0.0
Q6YMS4,PWPNYABQEOGNNC-UHFFFAOYSA-N,4.670418739318848,0.0
Q6YMS4,MTJHLONVHHPNSI-IBGZPJMESA-N,5.689660549163818,0.0
Q6YMS4,PGNHBJGIQAEIHD-UHFFFAOYSA-N,5.149341583251953,0.0
Q6YMS4,GPNHMOZDMYNCPO-PDUMRIMRSA-N,5.366913795471191,0.0
Q6YMS4,RTHCYVBBDHJXIQ-MRXNPFEDSA-N,5.212189674377441,0.0
Q6YMS4,HYIMSNHJOBLJNT-UHFFFAOYSA-N,5.979500770568848,0.0
Q6YMS4,TXOKWXJQVFUUDD-UHFFFAOYSA-N,5.483267784118652,0.0
Q6YMS4,SRQKTCXJCCHINN-NYYWCZLTSA-N,4.582193374633789,0.0
Q6YMS4,XZWYZXLIPXDOLR-UHFFFAOYSA-N,5.936956405639648,0.0
Q6YMS4,GBBJCSTXCAQSSJ-JVZYCSMKSA-N,7.200577735900879,0.0
Q6YMS4,IPHKVWAKDXKJRE-UHFFFAOYSA-N,4.283355712890625,0.0
Q6YMS4,MZDKLVOWGIOKTN-UHFFFAOYSA-N,5.977852821350098,0.0
Q6YMS4,OBATZBGFDSVCJD-LALPQLPRSA-N,6.3756103515625,0.0
Q6YMS4,YRFXGQHBPBMFHW-SBTZIJSASA-N,4.326246738433838,0.0
Q6YMS4,NIRXBXIPHUTNNI-UHFFFAOYSA-N,5.056878089904785,0.0
Q6YMS4,PHXJVRSECIGDHY-UHFFFAOYSA-N,5.745799541473389,0.0
Q6YMS4,OVEVHVURWWTPFC-UHFFFAOYSA-N,5.247563362121582,0.0
Q6YMS4,HBXMSJLNXYLVTA-UHFFFAOYSA-N,4.849126815795898,0.0
Q6YMS4,AYCMYBACERJYNY-HIFRSBDPSA-N,4.7060747146606445,0.0
Q6YMS4,GERNFWKTMKWULM-UHFFFAOYSA-N,6.867931365966797,0.0
Q6YMS4,HAGHKJDWBDSFKC-UHFFFAOYSA-N,5.096341609954834,0.0
Q6YMS4,ANZVBVKYXOGOQC-UHFFFAOYSA-N,5.668452262878418,0.0
Q6YMS4,VGKDLMBJGBXTGI-SJCJKPOMSA-N,4.969404220581055,0.0
Q6YMS4,MUTBJZVSRNUIHA-UHFFFAOYSA-N,4.777654647827148,0.0
Q6YMS4,IAIWVQXQOWNYOU-FPYGCLRLSA-N,5.194841384887695,0.0
Q6YMS4,QNIVIMYXGGFTAK-UHFFFAOYSA-N,4.650071144104004,0.0
Q6YMS4,VWOIKFDZQQLJBJ-DTQAZKPQSA-N,4.765472412109375,0.0
Q6YMS4,IAYGCINLNONXHY-LBPRGKRZSA-N,6.020966529846191,0.0
Q6YMS4,JABSKGQQWUDVRU-UHFFFAOYSA-O,5.329829216003418,0.0
Q6YMS4,ACTRVOBWPAIOHC-XIXRPRMCSA-N,4.51487398147583,0.0
Q6YMS4,UGGPRXAHUOKTKV-IINYFYTJSA-N,4.8340229988098145,0.0
Q6YMS4,BKVIWGRFRKLFIO-UHFFFAOYSA-N,5.335105895996094,0.0
Q6YMS4,KLRRGBHZCJLIEL-UHFFFAOYSA-N,5.717781066894531,0.0
Q6YMS4,IWUCXVSUMQZMFG-AFCXAGJDSA-N,4.59745979309082,0.0
Q6YMS4,DXKRGNXUIRKXNR-UHFFFAOYSA-N,4.539896011352539,0.0
Q6YMS4,BJDCWCLMFKKGEE-KDTBHNEXSA-N,5.825926303863525,0.0
Q6YMS4,WSMQUUGTQYPVPD-OAHLLOKOSA-N,5.918811798095703,0.0
Q6YMS4,VKBBVOVNGWGZCA-HVIPQOSHSA-N,5.483973503112793,0.0
Q6YMS4,HSNUXANXVHLGQT-UHFFFAOYSA-N,4.49508810043335,0.0
Q6YMS4,WZRFLSDVFPIXOV-LRQRDZAKSA-N,4.5654191970825195,0.0
Q6YMS4,KHPKQFYUPIUARC-UHFFFAOYSA-N,5.703594207763672,0.0
Q6YMS4,LGWACEZVCMBSKW-UHFFFAOYSA-N,5.705038070678711,0.0
Q6YMS4,BNQDCRGUHNALGH-UHFFFAOYSA-N,6.031149864196777,0.0
Q6YMS4,PULHLIOPJXPGJN-BWVDBABLSA-N,4.161133766174316,0.0
Q6YMS4,AQSSMEORRLJZLU-UHFFFAOYSA-N,5.155155181884766,0.0
Q6YMS4,JENWDDCMEATQSR-ONSKYXJOSA-N,4.845810890197754,0.0
Q6YMS4,SIFNOOUKXBRGGB-AREMUKBSSA-N,5.769865989685059,0.0
Q6YMS4,PPUXXDKQNAHHON-BJLQDIEVSA-N,6.749349594116211,0.0
Q6YMS4,WBBZUHMHBSXBDT-UHFFFAOYSA-N,6.2169342041015625,0.0
Q6YMS4,PTOIAAWZLUQTIO-GXFFZTMASA-N,4.554378509521484,0.0
Q6YMS4,JYIUNVOCEFIUIU-GHMZBOCLSA-N,5.456237316131592,0.0
Q6YMS4,UPJCLVQQPDUABA-UHFFFAOYSA-N,6.002370834350586,0.0
Q6YMS4,GSDSWSVVBLHKDQ-JTQLQIEISA-N,4.626531600952148,0.0
Q6YMS4,WHMXDBPHBVLYRC-OFVILXPXSA-N,4.899145126342773,0.0
Q6YMS4,ALBKMJDFBZVHAK-UHFFFAOYSA-N,5.0247602462768555,0.0
Q6YMS4,INJPEINGXBVKEB-UHFFFAOYSA-N,5.983935356140137,0.0
Q6YMS4,HUADITLKOCMHSB-UHFFFAOYSA-N,5.64329195022583,0.0
Q6YMS4,INVTYAOGFAGBOE-UHFFFAOYSA-N,5.402533531188965,0.0
Q6YMS4,GLVAUDGFNGKCSF-UHFFFAOYSA-N,4.81119441986084,0.0
Q6YMS4,WOZSCQDILHKSGG-UHFFFAOYSA-N,4.4617414474487305,0.0
Q6YMS4,HLCHRSFXEXAMLU-YDQNRGGDSA-N,4.161978721618652,0.0
Q6YMS4,YVPGZQLRPAGKLA-UHFFFAOYSA-N,4.4625959396362305,0.0
Q6YMS4,UQOQENZZLBSFKO-POPPZSFYSA-N,5.677796840667725,0.0
Q6YMS4,GXJABQQUPOEUTA-RDJZCZTQSA-N,5.487081527709961,0.0
Q6YMS4,IYIKLHRQXLHMJQ-UHFFFAOYSA-N,4.7360148429870605,0.0
Q6YMS4,IGUBBWJDMLCRIK-UHFFFAOYSA-N,5.265968322753906,0.0
Q6YMS4,GMYLVKUGJMYTFB-UHFFFAOYSA-N,4.870995044708252,0.0
Q6YMS4,OONFNUWBHFSNBT-HXUWFJFHSA-N,4.989875793457031,0.0
Q6YMS4,ZKFQEACEUNWPMT-UHFFFAOYSA-N,5.0520453453063965,0.0
Q6YMS4,BZEWSEKUUPWQDQ-UHFFFAOYSA-N,5.366664886474609,0.0
Q6YMS4,CPMDPSXJELVGJG-UHFFFAOYSA-N,5.284374237060547,0.0
Q6YMS4,IKNZXGXQOQHHJA-RCCFBDPRSA-N,4.253445625305176,0.0
Q6YMS4,ZBMZVLHSJCTVON-UHFFFAOYSA-N,5.716699123382568,0.0
Q6YMS4,PURKAOJPTOLRMP-UHFFFAOYSA-N,5.594862461090088,0.0
Q6YMS4,ZPEIMTDSQAKGNT-UHFFFAOYSA-N,5.661797523498535,0.0
Q6YMS4,HAVJATCHLFRDHY-KSZYUSJVSA-N,4.699179172515869,0.0
Q6YMS4,LTMHDMANZUZIPE-PUGKRICDSA-N,6.588250160217285,0.0
Q6YMS4,VGIQUSQBXZXBGW-UHFFFAOYSA-N,4.350711822509766,0.0
Q6YMS4,ZGJHIFYEQJEUKA-UHFFFAOYSA-N,4.456668853759766,0.0
Q6YMS4,UOBYJVFBFSLCTQ-UHFFFAOYSA-N,7.588122367858887,0.0
Q6YMS4,VOVIALXJUBGFJZ-KWVAZRHASA-N,5.802700042724609,0.0
Q6YMS4,BSMNRYCSBFHEMQ-GZMMTYOYSA-N,5.425905227661133,0.0
Q6YMS4,GIIGAFADHXYOPM-UHFFFAOYSA-N,5.254067420959473,0.0
Q6YMS4,HEFNNWSXXWATRW-UHFFFAOYSA-N,4.634864807128906,0.0
Q6YMS4,HUXYBQXJVXOMKX-UHFFFAOYSA-N,4.830652236938477,0.0
Q6YMS4,LSXUTRRVVSPWDZ-MKKUMYSQSA-N,5.889226913452148,0.0
Q6YMS4,DWGXUDUOJPYAOR-UHFFFAOYSA-N,4.790212631225586,0.0
Q6YMS4,VKHAHZOOUSRJNA-GCNJZUOMSA-N,4.482344627380371,0.0
Q6YMS4,PSWOBQSIXLVPDV-CXUHLZMHSA-N,4.590780258178711,0.0
Q6YMS4,FJLGEFLZQAZZCD-MCBHFWOFSA-N,4.535178184509277,0.0
Q6YMS4,ULDXWLCXEDXJGE-UHFFFAOYSA-N,4.892054557800293,0.0
Q6YMS4,WDPFJWLDPVQCAJ-UHFFFAOYSA-N,5.176379203796387,0.0
Q6YMS4,FUXVKZWTXQUGMW-FQEVSTJZSA-N,5.0432891845703125,0.0
Q6YMS4,OFCNXPDARWKPPY-UHFFFAOYSA-N,5.164297103881836,0.0
Q6YMS4,UMSHZWFCVXIDEO-UHFFFAOYSA-N,3.9532861709594727,0.0
Q6YMS4,PBCZSGKMGDDXIJ-HQCWYSJUSA-N,5.842190265655518,0.0
Q6YMS4,XASIMHXSUQUHLV-UHFFFAOYSA-N,5.014055252075195,0.0
Q6YMS4,WTXWDXWZGJGIHV-URBCHYCLSA-N,6.132804870605469,0.0
Q6YMS4,YNNUSGIPVFPVBX-NHCUHLMSSA-N,5.110956192016602,0.0
Q6YMS4,QIIVJLHCZUTGSD-CUBQBAPOSA-N,5.448372840881348,0.0
Q6YMS4,BFCDFTHTSVTWOG-UHFFFAOYSA-N,5.463992595672607,0.0
Q6YMS4,GYCPCOJTCINIFZ-OXJNMPFZSA-N,5.525774002075195,0.0
Q6YMS4,WJSGOXONRXFGRY-UHFFFAOYSA-N,4.742893695831299,0.0
Q6YMS4,BBUVDDPUURMFOX-UHFFFAOYSA-N,5.679006576538086,0.0
Q6YMS4,OOXQDZTUGOJLHK-ZZEZOPTASA-N,5.4670562744140625,0.0
Q6YMS4,NXWASIVXQMMPLM-ZXMXYHOLSA-N,6.24516487121582,0.0
Q6YMS4,QOYHHIBFXOOADH-UHFFFAOYSA-N,6.662049293518066,0.0
Q6YMS4,IDUYJRXRDSPPRC-NRFANRHFSA-N,5.091776371002197,0.0
Q6YMS4,ZQMXTDPQEHZTBG-FRIKZZABSA-N,7.246530532836914,0.0
Q6YMS4,YKJYKKNCCRKFSL-RDBSUJKOSA-N,4.298456192016602,0.0
Q6YMS4,QXHHHPZILQDDPS-UHFFFAOYSA-N,5.082430839538574,0.0
Q6YMS4,ULRQBGMGOSWEGZ-UHFFFAOYSA-N,4.983659744262695,0.0
Q6YMS4,UCBSXTTUNYWOCC-UHFFFAOYSA-N,7.212604522705078,0.0
Q6YMS4,OPAKEJZFFCECPN-XQRVVYSFSA-N,4.723260879516602,0.0
Q6YMS4,SRIJFPBZWUFLFD-UHFFFAOYSA-N,5.041548252105713,0.0
Q6YMS4,KKKRKRMVJRHDMG-UHFFFAOYSA-N,4.951375484466553,0.0
Q6YMS4,DenvInD_102,5.1843061447143555,0.0
Q6YMS4,DenvInD_101,4.699268817901611,0.0
Q6YMS4,DenvInD_100,4.558285713195801,0.0
Q6YMS4,DenvInD_99,5.358788967132568,0.0
Q6YMS4,DenvInD_98,5.619191646575928,0.0
Q6YMS4,DenvInD_97,4.508432388305664,0.0
Q6YMS4,DenvInD_96,5.1843061447143555,0.0
Q6YMS4,DenvInD_95,4.600810527801514,0.0
Q6YMS4,DenvInD_94,5.666800498962402,0.0
Q6YMS4,DenvInD_93,5.061254978179932,0.0
Q6YMS4,DenvInD_92,4.629443168640137,0.0
Q6YMS4,DenvInD_91,4.925967216491699,0.0
Q6YMS4,DenvInD_90,5.113108158111572,0.0
Q6YMS4,DenvInD_89,4.558285713195801,0.0
Q6YMS4,DenvInD_88,4.532715320587158,0.0
Q6YMS4,DenvInD_87,5.417386054992676,0.0
Q6YMS4,DenvInD_86,4.6525163650512695,0.0
Q6YMS4,DenvInD_85,5.801337242126465,0.0
Q6YMS4,DenvInD_84,4.415132522583008,0.0
Q6YMS4,DenvInD_83,4.795269966125488,0.0
Q6YMS4,DenvInD_82,6.238991737365723,0.0
Q6YMS4,DenvInD_81,4.699268817901611,0.0
Q6YMS4,DenvInD_80,5.151419639587402,0.0
Q6YMS4,DenvInD_79,4.832742691040039,0.0
Q6YMS4,DenvInD_78,4.741488456726074,0.0
Q6YMS4,DenvInD_77,5.570037841796875,0.0
Q6YMS4,DenvInD_76,4.523923873901367,0.0
Q6YMS4,DenvInD_75,5.23404598236084,0.0
Q6YMS4,DenvInD_74,4.678781032562256,0.0
Q6YMS4,DenvInD_73,4.503661632537842,0.0
Q6YMS4,DenvInD_72,4.431962013244629,0.0
Q6YMS4,DenvInD_71,4.431962013244629,0.0
Q6YMS4,DenvInD_70,5.872457504272461,0.0
Q6YMS4,DenvInD_69,4.406817436218262,0.0
Q6YMS4,DenvInD_68,4.406817436218262,0.0
Q6YMS4,DenvInD_67,4.472010612487793,0.0
Q6YMS4,DenvInD_66,5.872457504272461,0.0
Q6YMS4,DenvInD_65,4.472010612487793,0.0
Q6YMS4,DenvInD_64,5.872457504272461,0.0
Q6YMS4,DenvInD_63,4.472010612487793,0.0
Q6YMS4,DenvInD_62,5.872457504272461,0.0
Q6YMS4,DenvInD_61,4.472010612487793,0.0
Q6YMS4,DenvInD_60,4.846499443054199,0.0
Q6YMS4,DenvInD_59,4.694631576538086,0.0
Q6YMS4,DenvInD_58,4.729843616485596,0.0
Q6YMS4,DenvInD_57,4.523913383483887,0.0
Q6YMS4,DenvInD_56,4.976228713989258,0.0
Q6YMS4,DenvInD_55,4.984419822692871,0.0
Q6YMS4,DenvInD_54,5.176284313201904,0.0
Q6YMS4,DenvInD_53,5.570037841796875,0.0
Q6YMS4,DenvInD_52,4.575710773468018,0.0
Q6YMS4,DenvInD_51,4.523923873901367,0.0
Q6YMS4,DenvInD_50,4.937769412994385,0.0
Q6YMS4,DenvInD_49,6.274280548095703,0.0
Q6YMS4,DenvInD_48,6.160150527954102,0.0
Q6YMS4,DenvInD_47,5.23404598236084,0.0
Q6YMS4,DenvInD_46,4.945291519165039,0.0
Q6YMS4,DenvInD_45,4.549565315246582,0.0
Q6YMS4,DenvInD_44,5.572266578674316,0.0
Q6YMS4,DenvInD_43,5.005815029144287,0.0
Q6YMS4,DenvInD_42,5.7950592041015625,0.0
Q6YMS4,DenvInD_41,5.802312850952148,0.0
Q6YMS4,DenvInD_40,4.551977157592773,0.0
Q6YMS4,DenvInD_39,4.784730434417725,0.0
Q6YMS4,DenvInD_38,4.636679649353027,0.0
Q6YMS4,DenvInD_37,4.446764945983887,0.0
Q6YMS4,DenvInD_36,5.091123104095459,0.0
Q6YMS4,DenvInD_35,4.618810653686523,0.0
Q6YMS4,DenvInD_34,5.663010597229004,0.0
Q6YMS4,DenvInD_33,5.9109296798706055,0.0
Q6YMS4,DenvInD_32,5.303745269775391,0.0
Q6YMS4,DenvInD_31,4.5369720458984375,0.0
Q6YMS4,DenvInD_30,6.005457878112793,0.0
Q6YMS4,DenvInD_29,5.9109296798706055,0.0
Q6YMS4,DenvInD_28,5.0386552810668945,0.0
Q6YMS4,DenvInD_27,4.335977554321289,0.0
Q6YMS4,DenvInD_26,4.768506050109863,0.0
Q6YMS4,DenvInD_25,4.5500264167785645,0.0
Q6YMS4,DenvInD_24,4.508146286010742,0.0
Q6YMS4,DenvInD_23,5.9109296798706055,0.0
Q6YMS4,DenvInD_22,4.619653701782227,0.0
Q6YMS4,DenvInD_21,4.551036834716797,0.0
Q6YMS4,DenvInD_20,4.498984336853027,0.0
Q6YMS4,DenvInD_19,4.498984336853027,0.0
Q6YMS4,DenvInD_18,4.512894630432129,0.0
Q6YMS4,DenvInD_17,4.516109466552734,0.0
Q6YMS4,DenvInD_16,4.537842750549316,0.0
Q6YMS4,DenvInD_15,4.546478271484375,0.0
Q6YMS4,DenvInD_14,4.514324188232422,0.0
Q6YMS4,DenvInD_13,4.470463752746582,0.0
Q6YMS4,DenvInD_12,4.766996383666992,0.0
Q6YMS4,DenvInD_11,4.766996383666992,0.0
Q6YMS4,DenvInD_10,4.874133110046387,0.0
Q6YMS4,DenvInD_9,5.455214500427246,0.0
Q6YMS4,DenvInD_8,4.925987243652344,0.0
Q6YMS4,DenvInD_7,4.572965621948242,0.0
Q6YMS4,DenvInD_6,4.572965621948242,0.0
Q6YMS4,DenvInD_5,4.5630998611450195,0.0
Q6YMS4,DenvInD_4,4.852162837982178,0.0
Q6YMS4,DenvInD_3,4.723589897155762,0.0
Q6YMS4,DenvInD_2,4.502502918243408,0.0
Q6YMS4,DenvInD_1,4.503661632537842,0.0
Q6YMS4,CLPSAAPUJUVQPP-UHFFFAOYSA-N,6.722965240478516,0.0
Q6YMS4,IECPWNUMDGFDKC-MZJAQBGESA-N,6.244576454162598,0.0
Q6YMS4,QNUKRWAIZMBVCU-WCIBSUBMSA-N,5.6041259765625,0.0
Q6YMS4,BEMNJULZEQTDJY-UHFFFAOYSA-N,5.580655097961426,0.0
Q6YMS4,TVXOXGBTADZYCZ-UHFFFAOYSA-N,4.128662109375,0.0
Q6YMS4,GFMMXOIFOQCCGU-UHFFFAOYSA-N,4.116755485534668,0.0
Q6YMS4,ZEWQUBUPAILYHI-UHFFFAOYSA-N,5.690803527832031,0.0
Q6YMS4,OASYWNFOHKQIGI-UHFFFAOYSA-N,4.975452899932861,0.0
Q6YMS4,PRXHANOJNVGVGC-UHFFFAOYSA-N,4.441926002502441,0.0
Q6YMS4,SUDAHWBOROXANE-SECBINFHSA-N,5.250975608825684,0.0
Q6YMS4,QQJHRQZZCNYDMX-VPUSJEBWSA-N,4.1756486892700195,0.0
Q6YMS4,RGJOJUGRHPQXGF-INIZCTEOSA-N,4.956559181213379,0.0
Q6YMS4,MJFJKKXQDNNUJF-UHFFFAOYSA-N,5.700471878051758,0.0
Q6YMS4,ODEDPKNSRBCSDO-UHFFFAOYSA-N,4.346315383911133,0.0
Q6YMS4,SVGRIJCSKWXOPA-UHFFFAOYSA-N,5.1057281494140625,0.0
Q6YMS4,JROFGZPOBKIAEW-UHFFFAOYSA-N,4.426141738891602,0.0
Q6YMS4,ISHXLNHNDMZNMC-VTKCIJPMSA-N,6.30152702331543,0.0
Q6YMS4,ABQYZRZVRIPTPI-UHFFFAOYSA-N,4.392827987670898,0.0
Q6YMS4,XFALPSLJIHVRKE-GFCCVEGCSA-N,5.675935745239258,0.0
Q6YMS4,XIROXSOOOAZHLL-UHFFFAOYSA-N,4.637747287750244,0.0
Q6YMS4,QXTWSUQCXCWEHF-JXMROGBWSA-N,4.28523063659668,0.0
Q6YMS4,MPUQHZXIXSTTDU-QXGSTGNESA-N,4.269322395324707,0.0
Q6YMS4,VSWBSWWIRNCQIJ-GJZGRUSLSA-N,5.505805969238281,0.0
Q6YMS4,LCMWDFXRHRLQPG-UHFFFAOYSA-N,4.651228904724121,0.0
Q6YMS4,DFXFDNPRHWLXON-AANMMBORSA-N,5.799376964569092,0.0
Q6YMS4,XSPUSVIQHBDITA-RKYNPMAHSA-N,4.457188606262207,0.0
Q6YMS4,DenvInD_230,4.4748077392578125,0.0
Q6YMS4,DenvInD_229,4.427664756774902,0.0
Q6YMS4,DenvInD_228,4.427313327789307,0.0
Q6YMS4,DenvInD_227,4.45573616027832,0.0
Q6YMS4,DenvInD_226,4.448683261871338,0.0
Q6YMS4,DenvInD_225,4.45916223526001,0.0
Q6YMS4,DenvInD_224,4.457284927368164,0.0
Q6YMS4,DenvInD_223,4.457284927368164,0.0
Q6YMS4,DenvInD_222,4.562612533569336,0.0
Q6YMS4,DenvInD_221,4.488338947296143,0.0
Q6YMS4,DenvInD_220,4.449648857116699,0.0
Q6YMS4,DenvInD_219,7.7722320556640625,0.0
Q6YMS4,DenvInD_218,4.45015811920166,0.0
Q6YMS4,DenvInD_217,4.51371955871582,0.0
Q6YMS4,DenvInD_216,4.868132591247559,0.0
Q6YMS4,DenvInD_215,4.45916223526001,0.0
Q6YMS4,DenvInD_214,4.43060827255249,0.0
Q6YMS4,DenvInD_213,4.488763332366943,0.0
Q6YMS4,DenvInD_212,4.467545509338379,0.0
Q6YMS4,DenvInD_211,4.47317361831665,0.0
Q6YMS4,DenvInD_210,4.764773368835449,0.0
Q6YMS4,DenvInD_209,6.305446624755859,0.0
Q6YMS4,DenvInD_208,4.481375217437744,0.0
Q6YMS4,DenvInD_207,5.586531639099121,0.0
Q6YMS4,DenvInD_206,4.484933853149414,0.0
Q6YMS4,DenvInD_205,4.85233736038208,0.0
Q6YMS4,DenvInD_204,4.4445695877075195,0.0
Q6YMS4,DenvInD_203,5.586531639099121,0.0
Q6YMS4,DenvInD_202,5.739274501800537,0.0
Q6YMS4,DenvInD_201,5.205946922302246,0.0
Q6YMS4,DenvInD_200,4.488763332366943,0.0
Q6YMS4,DenvInD_199,4.466639518737793,0.0
Q6YMS4,DenvInD_198,4.481375217437744,0.0
Q6YMS4,DenvInD_197,4.454497337341309,0.0
Q6YMS4,DenvInD_196,4.467545509338379,0.0
Q6YMS4,DenvInD_195,4.451757431030273,0.0
Q6YMS4,DenvInD_194,5.251360893249512,0.0
Q6YMS4,DenvInD_193,4.455966949462891,0.0
Q6YMS4,DenvInD_192,4.764773368835449,0.0
Q6YMS4,DenvInD_191,4.43060827255249,0.0
Q6YMS4,DenvInD_190,5.481005668640137,0.0
Q6YMS4,DenvInD_189,5.685485363006592,0.0
Q6YMS4,DenvInD_188,5.245356559753418,0.0
Q6YMS4,DenvInD_187,4.47317361831665,0.0
Q6YMS4,DenvInD_186,4.553130149841309,0.0
Q6YMS4,DenvInD_185,5.693758010864258,0.0
Q6YMS4,DenvInD_184,6.305446624755859,0.0
Q6YMS4,DenvInD_183,4.481375217437744,0.0
Q6YMS4,DenvInD_182,4.454497337341309,0.0
Q6YMS4,DenvInD_181,4.467545509338379,0.0
Q6YMS4,DenvInD_180,4.451757431030273,0.0
Q6YMS4,DenvInD_179,5.251360893249512,0.0
Q6YMS4,DenvInD_178,4.455966949462891,0.0
Q6YMS4,DenvInD_177,4.764773368835449,0.0
Q6YMS4,DenvInD_176,4.43060827255249,0.0
Q6YMS4,DenvInD_175,5.481005668640137,0.0
Q6YMS4,DenvInD_174,5.685485363006592,0.0
Q6YMS4,DenvInD_173,5.245356559753418,0.0
Q6YMS4,DenvInD_172,4.47317361831665,0.0
Q6YMS4,DenvInD_171,4.553130149841309,0.0
Q6YMS4,DenvInD_170,5.693758010864258,0.0
Q6YMS4,DenvInD_169,6.305446624755859,0.0
Q6YMS4,DenvInD_168,4.499022006988525,0.0
Q6YMS4,DenvInD_167,4.499022006988525,0.0
Q6YMS4,DenvInD_166,6.103177070617676,0.0
Q6YMS4,DenvInD_165,6.103177070617676,0.0
Q6YMS4,DenvInD_164,4.681873321533203,0.0
Q6YMS4,DenvInD_163,4.45015811920166,0.0
Q6YMS4,DenvInD_162,5.444084167480469,0.0
Q6YMS4,DenvInD_161,5.444084167480469,0.0
Q6YMS4,DenvInD_160,4.50883674621582,0.0
Q6YMS4,DenvInD_159,5.08099365234375,0.0
Q6YMS4,DenvInD_158,5.034900665283203,0.0
Q6YMS4,DenvInD_157,4.476112365722656,0.0
Q6YMS4,DenvInD_156,4.857550144195557,0.0
Q6YMS4,DenvInD_155,5.265294075012207,0.0
Q6YMS4,DenvInD_154,4.482484817504883,0.0
Q6YMS4,DenvInD_153,5.648252487182617,0.0
Q6YMS4,DenvInD_152,5.200238227844238,0.0
Q6YMS4,DenvInD_151,4.85159158706665,0.0
Q6YMS4,DenvInD_150,5.041733741760254,0.0
Q6YMS4,DenvInD_149,4.440765857696533,0.0
Q6YMS4,DenvInD_148,4.740717887878418,0.0
Q6YMS4,DenvInD_147,4.431138515472412,0.0
Q6YMS4,DenvInD_146,6.041806221008301,0.0
Q6YMS4,DenvInD_145,4.433679580688477,0.0
Q6YMS4,DenvInD_144,4.443160533905029,0.0
Q6YMS4,DenvInD_143,4.463549613952637,0.0
Q6YMS4,DenvInD_142,4.432086944580078,0.0
Q6YMS4,DenvInD_141,4.433920860290527,0.0
Q6YMS4,DenvInD_140,4.4294586181640625,0.0
Q6YMS4,DenvInD_139,4.4503350257873535,0.0
Q6YMS4,DenvInD_138,4.432534217834473,0.0
Q6YMS4,DenvInD_137,4.433990478515625,0.0
Q6YMS4,DenvInD_136,4.432353973388672,0.0
Q6YMS4,DenvInD_135,4.433806896209717,0.0
Q6YMS4,DenvInD_134,4.440998077392578,0.0
Q6YMS4,DenvInD_133,4.4295854568481445,0.0
Q6YMS4,DenvInD_132,4.4503350257873535,0.0
Q6YMS4,DenvInD_131,4.432353973388672,0.0
Q6YMS4,DenvInD_130,4.4295854568481445,0.0
Q6YMS4,DenvInD_129,4.432086944580078,0.0
Q6YMS4,DenvInD_128,4.443160533905029,0.0
Q6YMS4,DenvInD_127,4.435402870178223,0.0
Q6YMS4,DenvInD_126,4.466829299926758,0.0
Q6YMS4,DenvInD_125,5.693758010864258,0.0
Q6YMS4,DenvInD_124,4.553130149841309,0.0
Q6YMS4,DenvInD_123,5.245356559753418,0.0
Q6YMS4,DenvInD_122,5.685485363006592,0.0
Q6YMS4,DenvInD_121,4.455966949462891,0.0
Q6YMS4,DenvInD_120,5.251360893249512,0.0
Q6YMS4,DenvInD_119,4.451757431030273,0.0
Q6YMS4,DenvInD_118,4.454497337341309,0.0
Q6YMS4,DenvInD_117,4.466639518737793,0.0
Q6YMS4,DenvInD_116,5.205946922302246,0.0
Q6YMS4,DenvInD_115,5.739274501800537,0.0
Q6YMS4,DenvInD_114,4.4445695877075195,0.0
Q6YMS4,DenvInD_113,4.85233736038208,0.0
Q6YMS4,DenvInD_112,4.484933853149414,0.0
Q6YMS4,DenvInD_111,4.764773368835449,0.0
Q6YMS4,DenvInD_110,4.43060827255249,0.0
Q6YMS4,DenvInD_109,4.452298164367676,0.0
Q6YMS4,DenvInD_108,6.305446624755859,0.0
Q6YMS4,DenvInD_107,5.481005668640137,0.0
Q6YMS4,DenvInD_106,4.481375217437744,0.0
Q6YMS4,DenvInD_105,4.430881977081299,0.0
Q6YMS4,DenvInD_104,4.488763332366943,0.0
Q6YMS4,DenvInD_103,5.739274501800537,0.0
Q6YMS4,DenvInD_360,4.844529151916504,0.0
Q6YMS4,DenvInD_359,5.125583171844482,0.0
Q6YMS4,DenvInD_358,4.496905326843262,0.0
Q6YMS4,DenvInD_357,5.600835800170898,0.0
Q6YMS4,DenvInD_356,5.197517395019531,0.0
Q6YMS4,DenvInD_355,4.538754463195801,0.0
Q6YMS4,DenvInD_354,4.791197776794434,0.0
Q6YMS4,DenvInD_353,4.797068119049072,0.0
Q6YMS4,DenvInD_352,4.797068119049072,0.0
Q6YMS4,DenvInD_351,6.099780082702637,0.0
Q6YMS4,DenvInD_350,6.099780082702637,0.0
Q6YMS4,DenvInD_349,5.30872106552124,0.0
Q6YMS4,DenvInD_348,4.797068119049072,0.0
Q6YMS4,DenvInD_347,4.797068119049072,0.0
Q6YMS4,DenvInD_346,4.797068119049072,0.0
Q6YMS4,DenvInD_345,6.103370666503906,0.0
Q6YMS4,DenvInD_344,6.078630447387695,0.0
Q6YMS4,DenvInD_343,4.977273941040039,0.0
Q6YMS4,DenvInD_342,4.44874382019043,0.0
Q6YMS4,DenvInD_341,6.7178850173950195,0.0
Q6YMS4,DenvInD_340,4.509618759155273,0.0
Q6YMS4,DenvInD_339,4.588306427001953,0.0
Q6YMS4,DenvInD_338,4.0664143562316895,0.0
Q6YMS4,DenvInD_337,4.5996503829956055,0.0
Q6YMS4,DenvInD_336,5.519805908203125,0.0
Q6YMS4,DenvInD_335,5.449985504150391,0.0
Q6YMS4,DenvInD_334,5.7932024002075195,0.0
Q6YMS4,DenvInD_333,4.500171661376953,0.0
Q6YMS4,DenvInD_332,4.847428798675537,0.0
Q6YMS4,DenvInD_331,4.588306427001953,0.0
Q6YMS4,DenvInD_330,5.449985504150391,0.0
Q6YMS4,DenvInD_329,4.509618759155273,0.0
Q6YMS4,DenvInD_328,4.0664143562316895,0.0
Q6YMS4,DenvInD_327,4.5996503829956055,0.0
Q6YMS4,DenvInD_326,6.057248115539551,0.0
Q6YMS4,DenvInD_325,5.39854621887207,0.0
Q6YMS4,DenvInD_324,4.603677749633789,0.0
Q6YMS4,DenvInD_323,4.810115814208984,0.0
Q6YMS4,DenvInD_322,5.6730637550354,0.0
Q6YMS4,DenvInD_321,5.080894470214844,0.0
Q6YMS4,DenvInD_320,5.336696624755859,0.0
Q6YMS4,DenvInD_319,4.7303643226623535,0.0
Q6YMS4,DenvInD_318,5.243595600128174,0.0
Q6YMS4,DenvInD_317,5.356053352355957,0.0
Q6YMS4,DenvInD_316,5.434334754943848,0.0
Q6YMS4,DenvInD_315,4.661370277404785,0.0
Q6YMS4,DenvInD_314,5.157454013824463,0.0
Q6YMS4,DenvInD_313,4.810115814208984,0.0
Q6YMS4,DenvInD_312,4.611217975616455,0.0
Q6YMS4,DenvInD_311,4.847650527954102,0.0
Q6YMS4,DenvInD_310,5.039389133453369,0.0
Q6YMS4,DenvInD_309,5.480113983154297,0.0
Q6YMS4,DenvInD_308,5.184703826904297,0.0
Q6YMS4,DenvInD_307,4.523360252380371,0.0
Q6YMS4,DenvInD_306,4.618762016296387,0.0
Q6YMS4,DenvInD_305,5.190085411071777,0.0
Q6YMS4,DenvInD_304,4.822702884674072,0.0
Q6YMS4,DenvInD_301,5.883672714233398,0.0
Q6YMS4,DenvInD_300,5.255868911743164,0.0
Q6YMS4,DenvInD_299,5.7953386306762695,0.0
Q6YMS4,DenvInD_298,5.967741012573242,0.0
Q6YMS4,DenvInD_297,6.816003799438477,0.0
Q6YMS4,DenvInD_296,5.001132011413574,0.0
Q6YMS4,DenvInD_295,5.36768913269043,0.0
Q6YMS4,DenvInD_294,4.5320353507995605,0.0
Q6YMS4,DenvInD_293,4.5836944580078125,0.0
Q6YMS4,DenvInD_292,5.195385456085205,0.0
Q6YMS4,DenvInD_291,4.8200788497924805,0.0
Q6YMS4,DenvInD_290,4.201246738433838,0.0
Q6YMS4,DenvInD_289,4.7867255210876465,0.0
Q6YMS4,DenvInD_288,5.277657508850098,0.0
Q6YMS4,DenvInD_287,5.598007678985596,0.0
Q6YMS4,DenvInD_286,4.9091901779174805,0.0
Q6YMS4,DenvInD_285,5.754425525665283,0.0
Q6YMS4,DenvInD_284,5.754425525665283,0.0
Q6YMS4,DenvInD_283,6.081188201904297,0.0
Q6YMS4,DenvInD_282,4.560081481933594,0.0
Q6YMS4,DenvInD_281,5.938176155090332,0.0
Q6YMS4,DenvInD_280,5.800811767578125,0.0
Q6YMS4,DenvInD_279,6.226485252380371,0.0
Q6YMS4,DenvInD_278,5.794302940368652,0.0
Q6YMS4,DenvInD_277,5.275002479553223,0.0
Q6YMS4,DenvInD_276,5.095303535461426,0.0
Q6YMS4,DenvInD_275,4.932712554931641,0.0
Q6YMS4,DenvInD_274,4.648087501525879,0.0
Q6YMS4,DenvInD_273,4.2204999923706055,0.0
Q6YMS4,DenvInD_272,5.286776065826416,0.0
Q6YMS4,DenvInD_271,4.926749229431152,0.0
Q6YMS4,DenvInD_270,4.2384796142578125,0.0
Q6YMS4,DenvInD_269,5.237193584442139,0.0
Q6YMS4,DenvInD_268,5.724858283996582,0.0
Q6YMS4,DenvInD_267,5.724245071411133,0.0
Q6YMS4,DenvInD_266,5.271313667297363,0.0
Q6YMS4,DenvInD_265,5.271313667297363,0.0
Q6YMS4,DenvInD_264,4.956668853759766,0.0
Q6YMS4,DenvInD_263,4.723582744598389,0.0
Q6YMS4,DenvInD_262,6.13398551940918,0.0
Q6YMS4,DenvInD_261,4.412819862365723,0.0
Q6YMS4,DenvInD_260,6.057268142700195,0.0
Q6YMS4,DenvInD_259,5.909523963928223,0.0
Q6YMS4,DenvInD_258,4.719038009643555,0.0
Q6YMS4,DenvInD_257,4.812851428985596,0.0
Q6YMS4,DenvInD_256,3.917379140853882,0.0
Q6YMS4,DenvInD_255,5.393918037414551,0.0
Q6YMS4,DenvInD_254,5.127104759216309,0.0
Q6YMS4,DenvInD_253,4.238412857055664,0.0
Q6YMS4,DenvInD_252,4.704313278198242,0.0
Q6YMS4,DenvInD_251,4.466590881347656,0.0
Q6YMS4,DenvInD_250,4.540531158447266,0.0
Q6YMS4,DenvInD_249,5.647565841674805,0.0
Q6YMS4,DenvInD_248,4.9166765213012695,0.0
Q6YMS4,DenvInD_247,4.519092082977295,0.0
Q6YMS4,DenvInD_246,5.601710319519043,0.0
Q6YMS4,DenvInD_245,5.451695919036865,0.0
Q6YMS4,DenvInD_244,5.903249740600586,0.0
Q6YMS4,DenvInD_243,4.201246738433838,0.0
Q6YMS4,DenvInD_242,5.591075897216797,0.0
Q6YMS4,DenvInD_241,5.462503433227539,0.0
Q6YMS4,DenvInD_240,4.316007614135742,0.0
Q6YMS4,DenvInD_239,5.620493412017822,0.0
Q6YMS4,DenvInD_238,5.791004180908203,0.0
Q6YMS4,DenvInD_237,4.745257377624512,0.0
Q6YMS4,DenvInD_236,5.68454647064209,0.0
Q6YMS4,DenvInD_235,5.200218200683594,0.0
Q6YMS4,DenvInD_234,5.620493412017822,0.0
Q6YMS4,DenvInD_233,5.791004180908203,0.0
Q6YMS4,DenvInD_232,4.745257377624512,0.0
Q6YMS4,DenvInD_231,5.68454647064209,0.0
Q6YMS4,DenvInD_528,5.4524431228637695,0.0
Q6YMS4,DenvInD_527,5.192962646484375,0.0
Q6YMS4,DenvInD_526,4.789916038513184,0.0
Q6YMS4,DenvInD_525,5.8065032958984375,0.0
Q6YMS4,DenvInD_524,5.672079086303711,0.0
Q6YMS4,DenvInD_523,6.037296295166016,0.0
Q6YMS4,DenvInD_522,6.714266777038574,0.0
Q6YMS4,DenvInD_521,5.431183815002441,0.0
Q6YMS4,DenvInD_520,4.434933662414551,0.0
Q6YMS4,DenvInD_519,4.536073684692383,0.0
Q6YMS4,DenvInD_518,4.442356109619141,0.0
Q6YMS4,DenvInD_517,5.260552406311035,0.0
Q6YMS4,DenvInD_516,6.170317649841309,0.0
Q6YMS4,DenvInD_515,5.224131107330322,0.0
Q6YMS4,DenvInD_514,4.25016975402832,0.0
Q6YMS4,DenvInD_513,4.596412658691406,0.0
Q6YMS4,DenvInD_512,5.48766565322876,0.0
Q6YMS4,DenvInD_511,5.453361511230469,0.0
Q6YMS4,DenvInD_510,4.561605453491211,0.0
Q6YMS4,DenvInD_509,5.8332109451293945,0.0
Q6YMS4,DenvInD_508,4.6229400634765625,0.0
Q6YMS4,DenvInD_507,6.281829833984375,0.0
Q6YMS4,DenvInD_506,4.592238426208496,0.0
Q6YMS4,DenvInD_505,4.541604995727539,0.0
Q6YMS4,DenvInD_504,5.192962646484375,0.0
Q6YMS4,DenvInD_503,5.192962646484375,0.0
Q6YMS4,DenvInD_502,5.453361511230469,0.0
Q6YMS4,DenvInD_501,4.561605453491211,0.0
Q6YMS4,DenvInD_500,5.8332109451293945,0.0
Q6YMS4,DenvInD_499,6.281829833984375,0.0
Q6YMS4,DenvInD_498,4.592238426208496,0.0
Q6YMS4,DenvInD_497,4.541604995727539,0.0
Q6YMS4,DenvInD_496,4.6229400634765625,0.0
Q6YMS4,DenvInD_495,4.612140655517578,0.0
Q6YMS4,DenvInD_494,6.901554107666016,0.0
Q6YMS4,DenvInD_481,5.280904293060303,0.0
Q6YMS4,DenvInD_475,4.91129207611084,0.0
Q6YMS4,DenvInD_0475,4.796872138977051,0.0
Q6YMS4,DenvInD_474,4.594897270202637,0.0
Q6YMS4,DenvInD_473,4.529254913330078,0.0
Q6YMS4,DenvInD_472,4.644619941711426,0.0
Q6YMS4,DenvInD_471,4.957634925842285,0.0
Q6YMS4,DenvInD_470,5.623440265655518,0.0
Q6YMS4,DenvInD_469,5.401264667510986,0.0
Q6YMS4,DenvInD_458,4.657001495361328,0.0
Q6YMS4,DenvInD_457,4.870408058166504,0.0
Q6YMS4,DenvInD_450,4.431479454040527,0.0
Q6YMS4,DenvInD_449,4.437225341796875,0.0
Q6YMS4,DenvInD_448,6.578275680541992,0.0
Q6YMS4,DenvInD_447,4.449704170227051,0.0
Q6YMS4,DenvInD_446,5.272773742675781,0.0
Q6YMS4,DenvInD_445,4.431479454040527,0.0
Q6YMS4,DenvInD_444,4.437225341796875,0.0
Q6YMS4,DenvInD_443,6.578275680541992,0.0
Q6YMS4,DenvInD_442,4.449704170227051,0.0
Q6YMS4,DenvInD_441,5.272773742675781,0.0
Q6YMS4,DenvInD_440,4.496436595916748,0.0
Q6YMS4,DenvInD_439,4.439209938049316,0.0
Q6YMS4,DenvInD_438,4.747009754180908,0.0
Q6YMS4,DenvInD_421,4.999262809753418,0.0
Q6YMS4,DenvInD_420,4.699879169464111,0.0
Q6YMS4,DenvInD_419,4.354558944702148,0.0
Q6YMS4,DenvInD_418,4.623904228210449,0.0
Q6YMS4,DenvInD_417,4.7827653884887695,0.0
Q6YMS4,DenvInD_416,5.816040992736816,0.0
Q6YMS4,DenvInD_415,4.655605316162109,0.0
Q6YMS4,DenvInD_414,5.48766565322876,0.0
Q6YMS4,DenvInD_413,4.406778335571289,0.0
Q6YMS4,DenvInD_412,4.468352317810059,0.0
Q6YMS4,DenvInD_411,5.693991184234619,0.0
Q6YMS4,DenvInD_410,4.599225997924805,0.0
Q6YMS4,DenvInD_409,4.793784141540527,0.0
Q6YMS4,DenvInD_408,5.240111827850342,0.0
Q6YMS4,DenvInD_407,4.25016975402832,0.0
Q6YMS4,DenvInD_406,4.406044006347656,0.0
Q6YMS4,DenvInD_405,4.406778335571289,0.0
Q6YMS4,DenvInD_404,4.755518913269043,0.0
Q6YMS4,DenvInD_403,4.690703868865967,0.0
Q6YMS4,DenvInD_402,4.5301666259765625,0.0
Q6YMS4,DenvInD_401,5.206353187561035,0.0
Q6YMS4,DenvInD_400,4.389002799987793,0.0
Q6YMS4,DenvInD_399,4.516172409057617,0.0
Q6YMS4,DenvInD_398,4.4992899894714355,0.0
Q6YMS4,DenvInD_397,5.647975444793701,0.0
Q6YMS4,DenvInD_396,5.022649765014648,0.0
Q6YMS4,DenvInD_395,4.748954772949219,0.0
Q6YMS4,DenvInD_394,5.064477920532227,0.0
Q6YMS4,DenvInD_393,4.6631879806518555,0.0
Q6YMS4,DenvInD_392,5.2657294273376465,0.0
Q6YMS4,DenvInD_391,5.3715314865112305,0.0
Q6YMS4,DenvInD_390,5.397948265075684,0.0
Q6YMS4,DenvInD_389,5.634693145751953,0.0
Q6YMS4,DenvInD_388,5.096346378326416,0.0
Q6YMS4,DenvInD_387,5.067666053771973,0.0
Q6YMS4,DenvInD_386,5.6953840255737305,0.0
Q6YMS4,DenvInD_385,5.816157341003418,0.0
Q6YMS4,DenvInD_384,5.330537796020508,0.0
Q6YMS4,DenvInD_383,4.731279373168945,0.0
Q6YMS4,DenvInD_382,4.8350019454956055,0.0
Q6YMS4,DenvInD_381,4.400880813598633,0.0
Q6YMS4,DenvInD_380,5.226052284240723,0.0
Q6YMS4,DenvInD_379,5.816644668579102,0.0
Q6YMS4,DenvInD_378,4.840106010437012,0.0
Q6YMS4,DenvInD_377,4.73441743850708,0.0
Q6YMS4,DenvInD_376,4.415322780609131,0.0
Q6YMS4,DenvInD_375,4.6631879806518555,0.0
Q6YMS4,DenvInD_374,5.509832382202148,0.0
Q6YMS4,DenvInD_373,5.055872917175293,0.0
Q6YMS4,DenvInD_372,4.655605316162109,0.0
Q6YMS4,DenvInD_371,4.779619216918945,0.0
Q6YMS4,DenvInD_370,4.569872856140137,0.0
Q6YMS4,DenvInD_369,4.545162200927734,0.0
Q6YMS4,DenvInD_368,5.917477607727051,0.0
Q6YMS4,DenvInD_367,4.415505409240723,0.0
Q6YMS4,DenvInD_366,4.498753547668457,0.0
Q6YMS4,DenvInD_365,4.983468055725098,0.0
Q6YMS4,DenvInD_364,5.821855545043945,0.0
Q6YMS4,DenvInD_363,5.064477920532227,0.0
Q6YMS4,DenvInD_362,5.647975444793701,0.0
Q6YMS4,DenvInD_361,5.542752742767334,0.0
